$MeshFormat
2.2 0 8
$EndMeshFormat
$Nodes
175
1 1.32 0 0
2 1.312753631649808 0.08691951673838649 0
3 1.291503285595188 0.1716057038704857 0
4 1.257661623328344 0.2518826154630621 0
5 1.213411380874744 0.3256875984999856 0
6 1.161471713771588 0.3911242911526003 0
7 1.104816358690317 0.4465113483269331 0
8 1.046382718023278 0.4904256425225761 0
9 0.9888127491711626 0.5217388299906619 0
10 0.9342610122674523 0.5396463426518466 0
11 0.8842921024347746 0.5436880608494419 0
12 0.8398711912282755 0.5337601357673283 0
13 0.8014325226975707 0.5101176577447861 0
14 0.7689974997931371 0.4733681019279632 0
15 0.742310413174716 0.4244557196668829 0
16 0.7209655187882984 0.3646372767089495 0
17 0.7045099198622913 0.2954497615772586 0
18 0.6925174999457793 0.2186708938419057 0
19 0.6846366779480946 0.1362734469936443 0
20 0.6806182240343146 0.05037455955825031 0
21 0.6803296772125573 -0.03681866313678064 0
22 0.6837613890094805 -0.123065858822771 0
23 0.6910269217855358 -0.2061509726617201 0
24 0.7023580010686721 -0.2839391970575756 0
25 0.71809168007631 -0.3544318238826035 0
26 0.7386450177520587 -0.4158175997334148 0
27 0.7644708782179392 -0.4665192646831608 0
28 0.795988391745863 -0.5052340787527279 0
29 0.8334845087411592 -0.530967294804673 0
30 0.87698996520927 -0.5430577177998334 0
31 0.9261434123469344 -0.5411946936913297 0
32 0.9800685302135576 -0.5254260914394926 0
33 1.037295727705353 -0.4961570730560348 0
34 1.095758030123263 -0.4541396832802234 0
35 1.152878880915517 -0.4004535263722573 0
36 1.205751204599953 -0.3364780265186662 0
37 1.251388131464351 -0.2638569845971062 0
38 1.287011597698124 -0.1844563419870144 0
39 1.310338290689947 -0.1003162366522631 0
40 1.319823134442708 -0.01359858337760384 0
41 0.9956771314702053 -0.0009626166726751859 0
42 0.9457140422874879 0.2441514301837053 0
43 0.9492547709931195 -0.2500513882447756 0
44 0.895297913119801 0.3755659089797223 0
45 0.9010524696272173 -0.3879989320642576 0
46 1.159656135872536 -0.004714981478864949 0
47 1.079418251963141 0.1428789399088468 0
48 1.077606492436826 -0.1458997422657731 0
49 0.8535650695598418 0.09696830110297112 0
50 0.8566914097665702 -0.1026190490057804 0
51 0.8236838923997041 -0.2973952865778389 0
52 0.8314434817846857 0.2888809075211947 0
53 1.077822154854271 0.2786649608298392 0
54 1.023497264762097 -0.3525926139403643 0
55 1.010615927651164 0.3778052975935245 0
56 1.105048788317484 -0.2612360687564605 0
57 1.239489680960897 -0.005881310700345336 0
58 1.199248308889826 -0.1050793836893731 0
59 1.201848080745841 0.09472325963383818 0
60 0.9636265768374375 0.1045403055247309 0
61 0.9622089021468457 -0.1076056532582013 0
62 0.8596964763590824 0.4611079837064142 0
63 1.080095909345969 0.04781026346091094 0
64 1.078825503499925 -0.05217418126069674 0
65 0.7900665226571228 -0.01273594889961381 0
66 0.8765621402590769 -0.4683785048419462 0
67 0.9409607395893478 0.4564115540572434 0
68 0.8205246234034098 -0.4050183977891634 0
69 0.8143098665854024 0.3885217152429564 0
70 0.9666725833257037 -0.4372999222905405 0
71 0.7964230333950661 -0.1918602271149986 0
72 0.7884091695252188 0.1803578422618239 0
73 0.8962650657823092 0.000148459631013891 0
74 1.177013132833247 0.2040394965667205 0
75 1.153527996075869 -0.198580405797154 0
76 0.9497899394204072 0.322487974985193 0
77 0.8993401035363879 0.1988157441930802 0
78 1.035954056618495 -0.2226493447474477 0
79 0.9026323504192546 -0.3163322405287194 0
80 1.038768950040588 0.2044067936838321 0
81 0.8748386207839539 -0.185203238398034 0
82 0.7663382855165849 0.09935736101269155 0
83 0.7813517641816933 -0.08483189640478141 0
84 1.081403612394777 0.3653352786575719 0
85 0.7828650802217403 -0.3668603611957509 0
86 0.9332145447162201 -0.4834723088083459 0
87 1.14260091155979 -0.06764330182213198 0
88 1.143932619173946 0.05812314328388189 0
89 1.094059467422452 -0.3486282910024266 0
90 0.7811794471131048 0.331593327486674 0
91 1.023082628813254 0.3173128623706044 0
92 1.198417964795454 -0.04802109067070941 0
93 1.197087946393582 0.03366792466533944 0
94 0.8804232952560119 0.3214645507268777 0
95 0.8487312145571337 -0.3642429629515807 0
96 0.7671846149476254 0.2446741623766266 0
97 0.9486990307216501 -0.03932676930160374 0
98 1.008531728147501 -0.2867803033023839 0
99 0.9924172226326263 0.4532112433171328 0
100 0.9521772784363289 -0.3605095940827381 0
101 0.9650156917081323 -0.1777663527265665 0
102 0.9000254419381999 0.4935409013951738 0
103 1.015853112085123 0.06107534033970723 0
104 0.9695306842955818 0.1796428808146933 0
105 0.9522056320574903 0.03467795183760969 0
106 1.015226049915429 -0.06564788549881025 0
107 1.027104650685685 -0.4307483604925495 0
108 0.8218044752113747 -0.4580559976924047 0
109 0.7742022787000239 -0.2544551530197029 0
110 1.106392855499963 0.2063550767699701 0
111 1.275659558035813 -0.05264567558536876 0
112 1.276868085687517 0.04016596633758833 0
113 0.9501316868252579 0.4039157108994424 0
114 0.8785358321550734 -0.2549956031364635 0
115 0.8060209248871417 0.4433324489323014 0
116 1.159709583595251 0.273073862589109 0
117 1.176738952947533 -0.2653786555671078 0
118 1.144190569321577 0.1278462783560804 0
119 1.104313452489145 -0.003020879837828087 0
120 0.8913147912287428 0.2660886729789099 0
121 1.139167389862753 -0.1330788657439555 0
122 1.095042127468224 -0.202663956066045 0
123 1.020699773579416 0.1311676290772599 0
124 1.286368091825387 -0.00639192066514592 0
125 0.9036382087295585 0.1320156576601606 0
126 1.018415627889178 -0.1431547365852874 0
127 1.217952535654287 -0.1754592975271412 0
128 0.8474516389446811 -0.03845162404060201 0
129 1.225042332454559 0.1623642485841151 0
130 0.9111648516356812 -0.1310896317379679 0
131 0.9129001439588966 -0.4363404277229556 0
132 1.047127167878432 0.4266577620835477 0
133 1.05180389893444 0.0022414187665021 0
134 0.8380274303430016 0.4936891547006348 0
135 0.8277956911602746 0.03489614724334323 0
136 0.8957856926118051 -0.5049392404968035 0
137 0.8361027275479375 0.2218065463451549 0
138 0.7473607710423911 -0.1541087209210215 0
139 0.9622687717756369 -0.309082219628268 0
140 0.7673921401402954 0.3817884083153729 0
141 0.7556492599005386 -0.3107786328617902 0
142 1.05868438745158 0.0943716322112111 0
143 0.8560010500039272 0.4136108501534004 0
144 0.8375404019054882 0.3475795684656419 0
145 1.058498847676517 -0.1000062686431805 0
146 0.899938468650509 0.4352070733681468 0
147 0.8635958445028514 -0.4200058705103847 0
148 1.143358683853827 0.3323562971587715 0
149 0.7459273955419958 0.02768092748750445 0
150 0.8295367314867642 -0.2367819016494076 0
151 0.8968426138831376 0.06010476558619393 0
152 0.8462801056936508 -0.4946288297377742 0
153 0.7840223308215976 -0.4236731145489156 0
154 0.7334112924793355 0.1731840475333673 0
155 0.8075654387058366 -0.1356472571831819 0
156 1.140879361027912 -0.311509085541331 0
157 1.004314906454909 0.2578135125441782 0
158 0.9514273384248195 0.4951928105372763 0
159 0.9909997297488096 -0.4775267479519552 0
160 0.8412322607359216 0.154886908762647 0
161 1.103307033775351 0.09140858368184879 0
162 0.9421032898402389 -0.404347833817699 0
163 0.8670341924469165 0.5105068530007384 0
164 1.084975768122264 -0.399731603689458 0
165 1.25566117819751 -0.1226906682763447 0
166 1.258835315707938 0.1109848393073562 0
167 0.7394628563365598 -0.03804155309010437 0
168 1.063611539071022 -0.3020475176106048 0
169 1.199352135553918 -0.00779042041854911 0
170 1.100220039188324 -0.09787313642091539 0
171 0.8991344936327976 -0.06719202613691401 0
172 0.986093510238725 -0.3939124800957597 0
173 1.23785384053354 0.06843837136038104 0
174 1.235424708566249 -0.07661276824192129 0
175 0.7435619335307091 -0.212130360518745 0
$EndNodes
$Elements
388
1 15 2 1 1 1
2 15 2 1 2 2
3 15 2 1 3 3
4 15 2 1 4 4
5 15 2 1 5 5
6 15 2 1 6 6
7 15 2 1 7 7
8 15 2 1 8 8
9 15 2 1 9 9
10 15 2 1 10 10
11 15 2 1 11 11
12 15 2 1 12 12
13 15 2 1 13 13
14 15 2 1 14 14
15 15 2 1 15 15
16 15 2 1 16 16
17 15 2 1 17 17
18 15 2 1 18 18
19 15 2 1 19 19
20 15 2 1 20 20
21 15 2 1 21 21
22 15 2 1 22 22
23 15 2 1 23 23
24 15 2 1 24 24
25 15 2 1 25 25
26 15 2 1 26 26
27 15 2 1 27 27
28 15 2 1 28 28
29 15 2 1 29 29
30 15 2 1 30 30
31 15 2 1 31 31
32 15 2 1 32 32
33 15 2 1 33 33
34 15 2 1 34 34
35 15 2 1 35 35
36 15 2 1 36 36
37 15 2 1 37 37
38 15 2 1 38 38
39 15 2 1 39 39
40 15 2 1 40 40
41 1 2 1 41 1 2
42 1 2 1 42 2 3
43 1 2 1 43 3 4
44 1 2 1 44 4 5
45 1 2 1 45 5 6
46 1 2 1 46 6 7
47 1 2 1 47 7 8
48 1 2 1 48 8 9
49 1 2 1 49 9 10
50 1 2 1 50 10 11
51 1 2 1 51 11 12
52 1 2 1 52 12 13
53 1 2 1 53 13 14
54 1 2 1 54 14 15
55 1 2 1 55 15 16
56 1 2 1 56 16 17
57 1 2 1 57 17 18
58 1 2 1 58 18 19
59 1 2 1 59 19 20
60 1 2 1 60 20 21
61 1 2 1 61 21 22
62 1 2 1 62 22 23
63 1 2 1 63 23 24
64 1 2 1 64 24 25
65 1 2 1 65 25 26
66 1 2 1 66 26 27
67 1 2 1 67 27 28
68 1 2 1 68 28 29
69 1 2 1 69 29 30
70 1 2 1 70 30 31
71 1 2 1 71 31 32
72 1 2 1 72 32 33
73 1 2 1 73 33 34
74 1 2 1 74 34 35
75 1 2 1 75 35 36
76 1 2 1 76 36 37
77 1 2 1 77 37 38
78 1 2 1 78 38 39
79 1 2 1 79 39 40
80 1 2 1 80 40 1
81 2 2 1 82 13 115 134
82 2 2 1 82 44 143 144
83 2 2 1 82 85 26 153
84 2 2 1 82 13 14 115
85 2 2 1 82 44 76 113
86 2 2 1 82 74 4 116
87 2 2 1 82 45 79 95
88 2 2 1 82 25 26 85
89 2 2 1 82 42 77 104
90 2 2 1 82 115 15 140
91 2 2 1 82 110 47 118
92 2 2 1 82 81 43 101
93 2 2 1 82 76 44 94
94 2 2 1 82 14 15 115
95 2 2 1 82 97 41 105
96 2 2 1 82 99 9 158
97 2 2 1 82 76 42 157
98 2 2 1 82 87 46 119
99 2 2 1 82 71 81 155
100 2 2 1 82 81 50 155
101 2 2 1 82 79 45 100
102 2 2 1 82 75 117 127
103 2 2 1 82 135 82 149
104 2 2 1 82 76 55 113
105 2 2 1 82 94 44 144
106 2 2 1 82 90 17 96
107 2 2 1 82 49 82 135
108 2 2 1 82 91 76 157
109 2 2 1 82 4 74 129
110 2 2 1 82 46 88 119
111 2 2 1 82 77 42 120
112 2 2 1 82 42 76 120
113 2 2 1 82 84 55 91
114 2 2 1 82 74 110 118
115 2 2 1 82 117 37 127
116 2 2 1 82 55 76 91
117 2 2 1 82 1 2 112
118 2 2 1 82 39 40 111
119 2 2 1 82 79 51 95
120 2 2 1 82 68 85 153
121 2 2 1 82 16 17 90
122 2 2 1 82 56 78 168
123 2 2 1 82 22 83 167
124 2 2 1 82 73 97 105
125 2 2 1 82 78 48 126
126 2 2 1 82 83 50 128
127 2 2 1 82 31 32 86
128 2 2 1 82 56 75 122
129 2 2 1 82 143 69 144
130 2 2 1 82 8 9 99
131 2 2 1 82 78 98 168
132 2 2 1 82 65 135 149
133 2 2 1 82 43 81 114
134 2 2 1 82 121 48 122
135 2 2 1 82 64 87 119
136 2 2 1 82 69 115 140
137 2 2 1 82 53 84 91
138 2 2 1 82 78 43 98
139 2 2 1 82 47 80 123
140 2 2 1 82 19 20 82
141 2 2 1 82 76 94 120
142 2 2 1 82 6 7 84
143 2 2 1 82 43 78 101
144 2 2 1 82 80 47 110
145 2 2 1 82 27 28 108
146 2 2 1 82 65 83 128
147 2 2 1 82 75 56 117
148 2 2 1 82 48 78 122
149 2 2 1 82 88 63 119
150 2 2 1 82 80 53 157
151 2 2 1 82 10 11 102
152 2 2 1 82 61 97 171
153 2 2 1 82 21 22 167
154 2 2 1 82 105 60 151
155 2 2 1 82 123 103 142
156 2 2 1 82 57 92 174
157 2 2 1 82 67 99 158
158 2 2 1 82 93 57 173
159 2 2 1 82 106 64 133
160 2 2 1 82 58 121 127
161 2 2 1 82 60 125 151
162 2 2 1 82 130 61 171
163 2 2 1 82 79 43 114
164 2 2 1 82 81 101 130
165 2 2 1 82 52 90 96
166 2 2 1 82 104 80 157
167 2 2 1 82 82 49 160
168 2 2 1 82 104 77 125
169 2 2 1 82 72 82 160
170 2 2 1 82 75 121 122
171 2 2 1 82 81 71 150
172 2 2 1 82 121 75 127
173 2 2 1 82 51 79 114
174 2 2 1 82 60 103 123
175 2 2 1 82 74 118 129
176 2 2 1 82 42 104 157
177 2 2 1 82 84 7 132
178 2 2 1 82 4 5 116
179 2 2 1 82 53 80 110
180 2 2 1 82 118 59 129
181 2 2 1 82 29 30 152
182 2 2 1 82 50 81 130
183 2 2 1 82 30 136 152
184 2 2 1 82 53 110 116
185 2 2 1 82 78 56 122
186 2 2 1 82 85 68 95
187 2 2 1 82 46 87 92
188 2 2 1 82 82 20 149
189 2 2 1 82 88 46 93
190 2 2 1 82 106 126 145
191 2 2 1 82 33 107 159
192 2 2 1 82 41 106 133
193 2 2 1 82 24 109 175
194 2 2 1 82 33 34 107
195 2 2 1 82 43 79 139
196 2 2 1 82 27 108 153
197 2 2 1 82 110 74 116
198 2 2 1 82 17 18 96
199 2 2 1 82 50 83 155
200 2 2 1 82 95 68 147
201 2 2 1 82 106 61 126
202 2 2 1 82 41 97 106
203 2 2 1 82 89 54 164
204 2 2 1 82 111 57 174
205 2 2 1 82 45 95 147
206 2 2 1 82 57 112 173
207 2 2 1 82 85 51 141
208 2 2 1 82 53 91 157
209 2 2 1 82 82 72 154
210 2 2 1 82 54 107 164
211 2 2 1 82 51 85 95
212 2 2 1 82 149 21 167
213 2 2 1 82 89 35 156
214 2 2 1 82 55 84 132
215 2 2 1 82 35 36 156
216 2 2 1 82 86 32 159
217 2 2 1 82 23 24 175
218 2 2 1 82 20 21 149
219 2 2 1 82 107 70 159
220 2 2 1 82 97 61 106
221 2 2 1 82 101 61 130
222 2 2 1 82 52 96 137
223 2 2 1 82 37 38 127
224 2 2 1 82 96 18 154
225 2 2 1 82 115 62 134
226 2 2 1 82 99 67 113
227 2 2 1 82 3 4 129
228 2 2 1 82 72 96 154
229 2 2 1 82 10 102 158
230 2 2 1 82 84 53 148
231 2 2 1 82 113 67 146
232 2 2 1 82 31 86 136
233 2 2 1 82 60 104 125
234 2 2 1 82 51 109 141
235 2 2 1 82 77 120 137
236 2 2 1 82 63 103 133
237 2 2 1 82 41 103 105
238 2 2 1 82 101 78 126
239 2 2 1 82 44 113 146
240 2 2 1 82 96 72 137
241 2 2 1 82 100 54 139
242 2 2 1 82 54 98 139
243 2 2 1 82 19 82 154
244 2 2 1 82 28 29 152
245 2 2 1 82 108 28 152
246 2 2 1 82 83 65 167
247 2 2 1 82 103 60 105
248 2 2 1 82 103 41 133
249 2 2 1 82 86 66 136
250 2 2 1 82 54 89 168
251 2 2 1 82 86 70 131
252 2 2 1 82 83 22 138
253 2 2 1 82 87 58 92
254 2 2 1 82 59 88 93
255 2 2 1 82 7 8 132
256 2 2 1 82 114 81 150
257 2 2 1 82 111 40 124
258 2 2 1 82 1 112 124
259 2 2 1 82 8 99 132
260 2 2 1 82 102 62 146
261 2 2 1 82 92 57 169
262 2 2 1 82 66 86 131
263 2 2 1 82 30 31 136
264 2 2 1 82 90 69 140
265 2 2 1 82 62 102 163
266 2 2 1 82 55 99 113
267 2 2 1 82 80 104 123
268 2 2 1 82 53 116 148
269 2 2 1 82 57 93 169
270 2 2 1 82 36 37 117
271 2 2 1 82 70 86 159
272 2 2 1 82 58 87 121
273 2 2 1 82 88 59 118
274 2 2 1 82 108 66 147
275 2 2 1 82 69 90 144
276 2 2 1 82 94 52 120
277 2 2 1 82 22 23 138
278 2 2 1 82 108 68 153
279 2 2 1 82 62 115 143
280 2 2 1 82 134 62 163
281 2 2 1 82 16 90 140
282 2 2 1 82 98 54 168
283 2 2 1 82 57 111 124
284 2 2 1 82 112 57 124
285 2 2 1 82 25 85 141
286 2 2 1 82 67 102 146
287 2 2 1 82 46 92 169
288 2 2 1 82 102 11 163
289 2 2 1 82 104 60 123
290 2 2 1 82 93 46 169
291 2 2 1 82 128 73 135
292 2 2 1 82 15 16 140
293 2 2 1 82 156 56 168
294 2 2 1 82 61 101 126
295 2 2 1 82 125 77 160
296 2 2 1 82 64 119 133
297 2 2 1 82 68 108 147
298 2 2 1 82 35 89 164
299 2 2 1 82 100 45 162
300 2 2 1 82 34 35 164
301 2 2 1 82 89 156 168
302 2 2 1 82 24 25 141
303 2 2 1 82 5 6 148
304 2 2 1 82 32 33 159
305 2 2 1 82 49 125 160
306 2 2 1 82 6 84 148
307 2 2 1 82 102 67 158
308 2 2 1 82 9 10 158
309 2 2 1 82 87 64 170
310 2 2 1 82 26 27 153
311 2 2 1 82 90 52 144
312 2 2 1 82 98 43 139
313 2 2 1 82 97 73 171
314 2 2 1 82 112 166 173
315 2 2 1 82 63 88 161
316 2 2 1 82 103 63 142
317 2 2 1 82 70 107 172
318 2 2 1 82 165 111 174
319 2 2 1 82 12 13 134
320 2 2 1 82 120 52 137
321 2 2 1 82 109 51 150
322 2 2 1 82 79 100 139
323 2 2 1 82 115 69 143
324 2 2 1 82 65 128 135
325 2 2 1 82 99 55 132
326 2 2 1 82 64 106 145
327 2 2 1 82 18 19 154
328 2 2 1 82 52 94 144
329 2 2 1 82 136 66 152
330 2 2 1 82 47 123 142
331 2 2 1 82 77 137 160
332 2 2 1 82 48 121 170
333 2 2 1 82 38 39 165
334 2 2 1 82 2 3 166
335 2 2 1 82 71 109 150
336 2 2 1 82 131 70 162
337 2 2 1 82 109 24 141
338 2 2 1 82 137 72 160
339 2 2 1 82 66 108 152
340 2 2 1 82 66 131 147
341 2 2 1 82 125 49 151
342 2 2 1 82 118 47 161
343 2 2 1 82 119 63 133
344 2 2 1 82 116 5 148
345 2 2 1 82 107 54 172
346 2 2 1 82 126 48 145
347 2 2 1 82 36 117 156
348 2 2 1 82 73 128 171
349 2 2 1 82 51 114 150
350 2 2 1 82 11 12 163
351 2 2 1 82 117 56 156
352 2 2 1 82 50 130 171
353 2 2 1 82 62 143 146
354 2 2 1 82 73 105 151
355 2 2 1 82 138 23 175
356 2 2 1 82 121 87 170
357 2 2 1 82 88 118 161
358 2 2 1 82 131 45 147
359 2 2 1 82 54 100 172
360 2 2 1 82 112 2 166
361 2 2 1 82 107 34 164
362 2 2 1 82 39 111 165
363 2 2 1 82 109 71 175
364 2 2 1 82 138 71 155
365 2 2 1 82 65 149 167
366 2 2 1 82 143 44 146
367 2 2 1 82 47 142 161
368 2 2 1 82 59 93 173
369 2 2 1 82 145 48 170
370 2 2 1 82 135 73 151
371 2 2 1 82 92 58 174
372 2 2 1 82 83 138 155
373 2 2 1 82 58 127 165
374 2 2 1 82 129 59 166
375 2 2 1 82 49 135 151
376 2 2 1 82 40 1 124
377 2 2 1 82 128 50 171
378 2 2 1 82 12 134 163
379 2 2 1 82 127 38 165
380 2 2 1 82 45 131 162
381 2 2 1 82 142 63 161
382 2 2 1 82 3 129 166
383 2 2 1 82 71 138 175
384 2 2 1 82 64 145 170
385 2 2 1 82 162 70 172
386 2 2 1 82 100 162 172
387 2 2 1 82 166 59 173
388 2 2 1 82 58 165 174
$EndElements
