$MeshFormat
2.2 0 8
$EndMeshFormat
$Nodes
577
1 1.319753291597031 0.01886719226008808 1
2 1.317781906225576 0.05652074812871228 1
3 1.313851289729034 0.09393196603469406 1
4 1.307985675665167 0.1309397755840244 1
5 1.300221227495195 0.167383821153866 1
6 1.290605815624026 0.2031047129895091 1
7 1.279198722263295 0.2379442444316402 1
8 1.266070275936815 0.2717455670286523 1
9 1.251301417881838 0.3043533165167316 1
10 1.234983203019419 0.3356136843280312 1
11 1.217216238570542 0.3653744315272238 1
12 1.198110063779147 0.3934848450162579 1
13 1.177782474566273 0.4197956396471189 1
14 1.156358797279026 0.4441588147236671 1
15 1.133971116011977 0.4664274794483121 1
16 1.110757458264798 0.4864556693648422 1
17 1.086860943956824 0.5040981849214767 1
18 1.062428903045161 0.5192104940122472 1
19 1.037611967186508 0.5316487527022609 1
20 1.012563141042902 0.5412700120413991 1
21 0.9874368589570982 0.5479326933389875 1
22 0.9623880328134921 0.5514974284770544 1
23 0.937571096954839 0.551828374159559 1
24 0.9131390560431762 0.5487951170849148 1
25 0.8892425417352022 0.5422752877393856 1
26 0.8660288839880231 0.5321579899095952 1
27 0.8436412027209745 0.5183481266082747 1
28 0.8222175254337274 0.500771656336814 1
29 0.8018899362208531 0.4793817427108748 1
30 0.7827837614294587 0.4541656637657021 1
31 0.7650167969805808 0.4251522267320621 1
32 0.7486985821181618 0.39241929710583 1
33 0.7339297240631856 0.3561009114931908 1
34 0.720801277736705 0.3163933230340037 1
35 0.709394184375974 0.2735592526653005 1
36 0.6997787725048051 0.2279296171427319 1
37 0.692014324334833 0.179902099051127 1
38 0.6861487102709664 0.1299361263317227 1
39 0.6822180937744237 0.07854413139092441 1
40 0.6802467084029687 0.02627933212739907 1
41 0.6802467084029687 -0.02627933212739907 1
42 0.6822180937744237 -0.07854413139092441 1
43 0.6861487102709664 -0.1299361263317227 1
44 0.692014324334833 -0.179902099051127 1
45 0.6997787725048051 -0.2279296171427319 1
46 0.709394184375974 -0.2735592526653005 1
47 0.720801277736705 -0.3163933230340037 1
48 0.7339297240631856 -0.3561009114931908 1
49 0.7486985821181618 -0.39241929710583 1
50 0.7650167969805808 -0.4251522267320621 1
51 0.7827837614294587 -0.4541656637657021 1
52 0.8018899362208531 -0.4793817427108748 1
53 0.8222175254337274 -0.500771656336814 1
54 0.8436412027209745 -0.5183481266082747 1
55 0.8660288839880231 -0.5321579899095952 1
56 0.8892425417352022 -0.5422752877393856 1
57 0.9131390560431762 -0.5487951170849148 1
58 0.937571096954839 -0.551828374159559 1
59 0.9623880328134921 -0.5514974284770544 1
60 0.9874368589570982 -0.5479326933389875 1
61 1.012563141042902 -0.5412700120413991 1
62 1.037611967186508 -0.5316487527022609 1
63 1.062428903045161 -0.5192104940122472 1
64 1.086860943956824 -0.5040981849214767 1
65 1.110757458264798 -0.4864556693648422 1
66 1.133971116011977 -0.4664274794483121 1
67 1.156358797279026 -0.4441588147236671 1
68 1.177782474566273 -0.4197956396471189 1
69 1.198110063779147 -0.3934848450162579 1
70 1.217216238570542 -0.3653744315272238 1
71 1.234983203019419 -0.3356136843280312 1
72 1.251301417881838 -0.3043533165167316 1
73 1.266070275936815 -0.2717455670286523 1
74 1.279198722263295 -0.2379442444316402 1
75 1.290605815624026 -0.2031047129895091 1
76 1.300221227495195 -0.167383821153866 1
77 1.307985675665167 -0.1309397755840244 1
78 1.313851289729034 -0.09393196603469406 1
79 1.317781906225576 -0.05652074812871228 1
80 1.319753291597031 -0.01886719226008808 1
81 0.9995462456001722 0.08220990557005764 1
82 0.973975512548416 -0.2229250851130875 1
83 0.9596554460153858 0.324753618330516 1
84 0.9440883588659601 -0.3872331590126872 1
85 1.113511652739404 -0.07959035308736512 1
86 1.098425670969727 0.2464873733814411 1
87 0.8750164632354138 -0.06850739230865693 1
88 1.070509434788817 -0.3481009226419303 1
89 0.9377944683309645 0.4371587905222164 1
90 1.164427510549686 0.08850193535179596 1
91 0.8657595896189889 0.1913671411704398 1
92 1.140174162549124 -0.2100409291840891 1
93 0.8579410870694306 -0.2955649784190248 1
94 1.067236095213532 0.3743463109802563 1
95 0.8588988181541686 0.368637074391589 1
96 1.026236835985697 -0.433393077900197 1
97 0.9845124956539743 0.2064314368669493 1
98 0.9360945080863914 -0.4684386492563705 1
99 0.9933759385291334 -0.09486810558329387 1
100 0.8643101913925941 -0.4183347295734023 1
101 0.8198143772209349 0.05985177412231761 1
102 1.207924848615561 -0.01424192940090785 1
103 1.188404839855246 0.187803256175333 1
104 1.017361769880286 0.4555605585342842 1
105 0.8055437924135727 -0.1704112773813937 1
106 1.199007040088505 -0.1331544282838893 1
107 0.8649120570290135 0.4398435681377656 1
108 1.140386646675844 0.3366598518658253 1
109 1.078107549897403 0.01641640093914838 1
110 0.8126238582314884 0.2744260818529457 1
111 1.149614560087018 -0.3084330950661124 1
112 1.07735977851828 0.146755021491376 1
113 0.9880821015451715 -0.3114207194317591 1
114 1.059276201512759 -0.2617203093410692 1
115 1.057519483563675 -0.1673225679904141 1
116 0.9168163220689255 -0.1554621120221538 1
117 1.036695268660471 0.2972023425754273 1
118 0.9574650990430541 -0.01431468244167405 1
119 0.9668878783522641 0.4902997800990056 1
120 0.9879403775166812 0.3871182112227439 1
121 0.823284182769292 -0.3549405209010384 1
122 1.181460356106065 0.2671766883227889 1
123 1.239694070193218 0.07161642733573857 1
124 1.09168703899454 -0.4048386627480622 1
125 0.9041267608502046 0.479279421826794 1
126 0.8978468816232188 0.2669461588144912 1
127 0.9014920549780218 0.09934254223422456 1
128 0.9893001407098373 -0.4856519263705706 1
129 0.7874113088527079 -0.03662059176006765 1
130 0.8824595744967665 -0.4804699069075637 1
131 0.7773522941133757 0.1454580135838783 1
132 0.8828938133542322 -0.3634178448868692 1
133 1.20775562611876 -0.2312025533067396 1
134 1.07762681914121 0.4376513977920218 1
135 1.244629314655786 -0.07684425209238815 1
136 1.007641480450152 -0.3726396355049801 1
137 0.9172285483066386 0.3796586914456085 1
138 1.14121985315982 -0.3710411409293197 1
139 1.127719193772809 0.3917853205476248 1
140 0.9271957123091082 -0.2746771421076512 1
141 0.7841944518760519 -0.2440474715526618 1
142 1.236231087014625 0.1374454024063235 1
143 1.130264779154952 -0.1508780643674978 1
144 1.057755481474391 -0.04282328467359792 1
145 0.9746081400735176 -0.4362979830545601 1
146 0.8799416675121419 0.01488788203257702 1
147 0.8753148651370722 -0.2203658950302237 1
148 0.7948720869028026 0.3404785127123076 1
149 1.14102716996954 -0.01697887297179147 1
150 0.8168209031504163 0.4069583882268241 1
151 0.9499594041570349 -0.5106724587991599 1
152 1.071352810639655 -0.4561223439189142 1
153 0.7568153065116856 -0.1103258377496668 1
154 0.9774546140352265 0.2696266694076107 1
155 1.088766759782595 0.08253416997762877 1
156 0.94280639152068 -0.3358943656263433 1
157 1.12363973623238 0.1820401419742348 1
158 1.047129015387892 0.2095216783495769 1
159 1.176035010664632 -0.07259981649702713 1
160 0.7704735494077092 0.2165397004741794 1
161 0.9135355073853274 -0.4244460912286327 1
162 0.929209680064588 0.1647025367837683 1
163 0.899170854986916 0.3272069639839773 1
164 0.9301811917889629 0.5129300281382646 1
165 0.8425521518345291 -0.4602543544259303 1
166 1.199571843147482 -0.2843063732302065 1
167 1.08476046212678 0.3234234691908835 1
168 0.8106682007355802 -0.4127525504665314 1
169 1.009027442477468 0.4988926684411996 1
170 1.265859754880846 -0.002163088916288954 1
171 0.9950283793498175 -0.1638446847979278 1
172 1.01589568584477 0.1480709280404105 1
173 0.9103335866979601 -0.5093994885628603 1
174 1.224087309693693 0.2305741100865929 1
175 1.235643530434797 -0.1833346233657732 1
176 1.033053589168411 0.4123678444062636 1
177 0.7810760882216756 -0.3035123483172112 1
178 1.020400639535159 0.3469623337583791 1
179 1.036137313477002 -0.4857625062533957 1
180 1.053812837294417 0.4761847633437458 1
181 1.098775729192877 -0.2993984542672008 1
182 1.006652535337719 0.02197174945175445 1
183 1.063808593674099 -0.1092663420320456 1
184 0.842155081338227 0.1251600353890759 1
185 0.9302249692755988 -0.09440034121961217 1
186 0.7512222022173004 0.0322897351995183 1
187 0.8585800105827311 0.4811978387157416 1
188 1.170136659217599 0.03175769751473376 1
189 1.188814333934523 0.3205886398403457 1
190 1.254166261810903 -0.1315157550143212 1
191 1.045104875551619 -0.3939970604916628 1
192 0.8563626765197602 -0.1249445567111496 1
193 1.171908619755712 -0.1889345981591721 1
194 1.149428420074543 0.1441080683700506 1
195 0.9431782477402572 0.05284430889465965 1
196 1.082512219550168 -0.2147087290206457 1
197 1.131418783883525 0.2812129279045064 1
198 1.039417187893791 -0.3072248665359287 1
199 0.7614612125647265 -0.1892456676165946 1
200 0.9017748206456266 0.4106312326769032 1
201 0.8461386998565545 0.3098828432799924 1
202 0.9806691579121396 0.4348780084036932 1
203 0.9300574110051995 0.2211348876089333 1
204 1.010990715030059 -0.2677333431319296 1
205 1.0287953801325 -0.2163988580736116 1
206 1.174928917573292 -0.3420675764226069 1
207 1.242924205336106 0.1852939812674724 1
208 1.14795737307104 0.2308834921730745 1
209 1.162047293525 -0.2699359315134872 1
210 1.159518572090368 0.3667987314670283 1
211 0.8133196139603687 -0.07717062953758895 1
212 0.935346595513622 0.4872653364911613 1
213 0.7429271792802548 0.09451360253355226 1
214 0.8245869146080813 0.4431252735987447 1
215 0.8532790690646737 0.2395492872533095 1
216 0.9926477787542334 -0.05042834437324593 1
217 1.030760222909356 0.2451082518993238 1
218 1.135850576473936 -0.4066723629292475 1
219 1.11372916395141 0.4245242944726393 1
220 0.7758230180461706 0.294723843695311 1
221 0.9344515246687475 -0.2028557779975265 1
222 0.8978797519301779 -0.29978761000722 1
223 0.9875746499593708 -0.5117089190753737 1
224 0.8290772683581864 -0.2333749625102354 1
225 1.202162082658707 0.102414202909001 1
226 1.269429840961496 0.1062508454467585 1
227 1.09206226308821 -0.256789797489224 1
228 1.162966951499961 -0.1163139377845525 1
229 0.9544866830715197 0.3990995218882073 1
230 0.8389139314992855 -0.01113395942075067 1
231 1.121555481273717 0.04285222524726853 1
232 0.9546086956240007 0.1170422769768242 1
233 1.041432457353014 0.1066916305532779 1
234 1.264801645359452 -0.04151375570536713 1
235 0.8505816099429548 -0.376986461981204 1
236 0.9725255053928534 -0.3530453682094279 1
237 1.01451447992568 -0.5089325183897944 1
238 1.108162907309098 -0.3380161373316193 1
239 0.9422236041810923 0.2825122834860664 1
240 0.9708491025823817 0.5219210506952181 1
241 1.103218572058861 -0.03929126387453821 1
242 1.279015733295467 0.03484358243715402 1
243 0.8925667267762647 -0.3920399929412187 1
244 0.9040703250860113 0.4536827502872228 1
245 0.985220632023823 -0.403768036610875 1
246 1.22840634359169 0.2720680875415564 1
247 1.076558522028731 0.2842319600649194 1
248 1.112935575436448 0.1214294146856093 1
249 0.8471281960427469 -0.3294790608949737 1
250 0.7922913860323808 -0.3806477147926526 1
251 1.10064389573844 0.3701239856845832 1
252 1.104279949953919 -0.4517254628824298 1
253 0.8699127031447111 0.4082560872879286 1
254 0.8120387427544843 0.1857485927360105 1
255 1.046346253871754 0.06663301843197286 1
256 0.8668820545157592 -0.1789878543771129 1
257 0.884885871674141 -0.4443215610591391 1
258 0.7880123923169932 0.378833272352369 1
259 1.001571977818958 0.3153158074638383 1
260 0.8890194764942727 0.5109057322057206 1
261 0.9230380833636456 -0.04358445956909747 1
262 0.9570195705196669 -0.1406887750188314 1
263 0.9776708001821952 -0.2696448557120322 1
264 0.9662824295198 0.3627793843038088 1
265 0.8681113416413317 0.06328856865944214 1
266 1.099347167431207 -0.3725876299921245 1
267 1.231856851917861 0.02331552117159423 1
268 0.9600242099017852 -0.4832383058784994 1
269 0.7341187475939355 -0.06258487767317787 1
270 0.9836446635751903 0.4637206460766305 1
271 1.090321815032104 0.4017852628805798 1
272 0.8857141238812594 0.1449457046783394 1
273 1.082726269133331 0.4704994880762559 1
274 0.8535445119389967 -0.490004459867828 1
275 1.028645048814372 -0.1355808189132741 1
276 1.036045818806495 -0.3390806831148007 1
277 0.9410437098159847 -0.4388591732035738 1
278 1.204940679507815 -0.09698120603185065 1
279 1.057418611806711 -0.4258788430541758 1
280 0.8824087058336234 -0.5089092852878964 1
281 1.112437603975571 -0.1873188114087009 1
282 1.229363569703439 -0.2632387135830926 1
283 0.7412828356430708 0.1767226523985436 1
284 1.001697294070149 -0.4534207177997913 1
285 0.7730165467464469 -0.3449260340579796 1
286 1.190349021870481 0.1467966968842461 1
287 1.240819073680153 -0.2220799690424892 1
288 0.7996749943568203 0.01262880147769627 1
289 1.089395976007558 -0.1446330625695916 1
290 1.03895075290487 0.5031466966282214 1
291 0.8124567725828142 -0.2762009548159975 1
292 1.27523404597342 -0.1075388794912997 1
293 1.087756765622274 0.2118955163367846 1
294 1.202130586712092 -0.3186333480858199 1
295 1.184153441499323 0.2283216116841958 1
296 0.7443899513543829 0.2527624151273506 1
297 1.044413128653638 0.4462600940069821 1
298 0.8132736316624732 -0.4492787029794603 1
299 0.9201018620133294 -0.3640569302930878 1
300 0.801308781300657 0.1032572906262168 1
301 0.910567087052591 -0.4821022715138051 1
302 1.193808246889274 0.05653183083180031 1
303 0.8883095579417171 -0.2633369185225273 1
304 0.977613164555573 0.1630809423536226 1
305 1.233962704876276 -0.04101225422212862 1
306 1.040104734853767 -0.00519928828715575 1
307 0.7531070870327192 -0.2783399220636241 1
308 0.8110713897154223 0.2308195918194938 1
309 0.7300498342958365 -0.1521437420004317 1
310 1.021125348946179 0.3811378709985817 1
311 0.9280446458810735 -0.5270988359160182 1
312 0.7286246537529637 -0.01261547063100567 1
313 1.05488824234628 0.3417967989345649 1
314 0.9289498778961458 0.3488870648231389 1
315 0.8225336869211679 0.3718648171984026 1
316 1.015419625232517 -0.4063027518315716 1
317 1.16527184084703 -0.3970187247635759 1
318 1.172884379647679 -0.2286549631906923 1
319 1.272862097358106 0.1425057899092888 1
320 0.8949360059903545 0.226263336922008 1
321 0.8592793469025497 0.2771248169745756 1
322 1.145862329112866 0.420037386282316 1
323 0.8092980293858589 -0.1188864610304671 1
324 1.061260026167879 -0.4863332271023096 1
325 1.064266138593229 0.2457467808148857 1
326 0.8918965693433247 0.3579793584863653 1
327 0.8306328340400729 0.4739392398815181 1
328 0.816471228838015 -0.3160487210239367 1
329 0.7434459205961488 -0.2310148467166933 1
330 0.9969716034706032 0.5226619270885255 1
331 1.189632425814348 0.352466582792194 1
332 1.126636352296579 -0.2821168265193972 1
333 0.8794839074945555 0.4630205079553901 1
334 0.9450456833870851 -0.2414292351866586 1
335 1.176171021676335 -0.03724890361596341 1
336 0.9119567639481742 -0.4546126744860737 1
337 1.034084810787871 -0.07722016079515977 1
338 1.142910458045662 -0.05530313312933244 1
339 0.9466654231840865 0.53003061017984 1
340 0.9557849153623669 0.4562213817645918 1
341 1.217931412001275 0.3096933329977223 1
342 1.04212397921241 0.1688243701182885 1
343 0.9097626665206304 0.5253116684774329 1
344 1.167400427591742 -0.1565181435486797 1
345 1.03850030929745 -0.4591790010025892 1
346 0.800204802038224 -0.208409303570334 1
347 0.957879878478905 -0.06440698900705248 1
348 0.9223205402788128 0.0123302553704182 1
349 1.077916677705349 -0.07474708793189669 1
350 1.115497663534007 0.3059513927333682 1
351 0.8382249754680814 -0.4320442036254135 1
352 0.9882328073867561 0.3429268276198089 1
353 0.8633629893758237 0.5046500061208576 1
354 0.7990641919480366 0.4309598391794935 1
355 0.8947033122676203 -0.1135971673851605 1
356 0.9502706764258706 0.2508054796530338 1
357 0.7726336350343361 -0.1482025971557108 1
358 1.264908850987401 -0.1679587740541309 1
359 1.008358361627887 0.4297310283574316 1
360 1.000093545843697 -0.3417522741616592 1
361 1.158518625111233 0.3013688895113121 1
362 1.143263685719357 -0.3377796133950984 1
363 0.7539941999447672 0.3271450092240649 1
364 1.122618360876787 -0.1130807952014433 1
365 0.9596791207995594 -0.175896620329503 1
366 0.9807318583382112 0.05303884974876517 1
367 0.8408061407926064 0.02601512704434945 1
368 1.206249368501171 -0.1987918909025946 1
369 0.8879422919188941 0.3850324888576789 1
370 1.02815730506748 0.4785588756201762 1
371 1.025546347914774 -0.1824416718508845 1
372 0.9580642062233147 -0.411368627467095 1
373 0.8234397134828502 -0.3859575579558361 1
374 0.955279256696088 -0.3040259501557933 1
375 1.253724263365048 0.2118875023386234 1
376 0.9496926316695884 -0.5346914061774998 1
377 0.7282374577817624 0.1424633191101486 1
378 1.129051928580731 0.3613465590437674 1
379 0.776274772721844 0.06900495825804737 1
380 0.9300472073168564 -0.4960078768499215 1
381 0.8445684654225333 0.4247189403908381 1
382 0.9035894000169801 0.1903965806968522 1
383 0.8836634544536046 -0.03210720933883227 1
384 1.285944180930653 0.0742539893331829 1
385 1.069500539883488 -0.3153178479286219 1
386 0.9583815766867756 -0.4581035133980518 1
387 1.061110956585633 0.411118718289268 1
388 0.7178701384893695 -0.1067069430291847 1
389 1.155110534526874 0.2008838447133902 1
390 1.110828539678789 0.008168782706324968 1
391 1.188618483492111 -0.2548616930764061 1
392 1.041233376210244 -0.5078975971564071 1
393 0.9205041071647561 -0.397026909928328 1
394 0.8695757687082329 0.333622338455242 1
395 1.070609915490808 -0.3817464906925603 1
396 0.9318400921822403 0.4099061356125502 1
397 0.8128662193827106 0.3113257918682888 1
398 1.107086251173584 0.1548268269240414 1
399 1.015142803392621 0.1881876554175075 1
400 0.9074605150752333 0.05413974177264171 1
401 1.108990786725309 0.457050393890118 1
402 1.000373828880154 -0.4267887346480039 1
403 0.9939018877471818 -0.00959196122943879 1
404 1.207277263332734 -0.0564880603100443 1
405 1.086902237796615 -0.4769469776379945 1
406 0.8341475466542728 0.339301896317637 1
407 1.131210975314985 -0.4368072421580059 1
408 1.236879270207011 0.1044317195244554 1
409 0.9928431025662461 0.2403972214804459 1
410 0.8389328929303805 -0.1985031963876746 1
411 0.7215354846889099 0.057546977159845 1
412 0.9900024983863805 0.4867207489155864 1
413 1.230633686680831 -0.1500081421507829 1
414 1.143700178336781 -0.180031784062562 1
415 0.8409762755290134 -0.4042117746715441 1
416 0.9736989259780451 0.2965228291947473 1
417 1.216687313958031 0.2001480182080558 1
418 0.8652287426908449 -0.4625901188881049 1
419 1.124086240422715 0.07963055944878709 1
420 1.0090835208238 0.2806749579186906 1
421 1.015563432285578 -0.4747081393269836 1
422 0.9000244883656958 -0.1891669444395002 1
423 1.01897028241378 0.5197106147065342 1
424 0.7793911792289392 -0.07872234610281946 1
425 1.120816949631789 0.2203544820025714 1
426 0.9524374322548051 0.1941248308796295 1
427 0.9508019890082811 0.5081385245889573 1
428 1.289163491677416 -0.07064117741845753 1
429 1.249292758832934 0.2468628132344971 1
430 1.178333329032697 -0.3041141183726903 1
431 1.296618141811677 -0.0007926543873916239 1
432 1.077368676272481 0.117214499883585 1
433 0.9190591484065951 0.3075209671850548 1
434 0.927463886898339 0.5337791596080023 1
435 0.8258452626264599 -0.4768885323824967 1
436 1.087746044875719 0.04776848554156045 1
437 0.7841647364284235 0.4067855111214957 1
438 1.17292452138191 -0.0001074545408371394 1
439 0.7905890965331415 -0.4295027917279799 1
440 0.9715157468823455 -0.5268718747069817 1
441 0.9787393706006179 -0.4638335004797801 1
442 0.8400970070754623 0.162988001788118 1
443 0.9905692618549249 0.1176552828475226 1
444 1.22309970619328 -0.3003600959498312 1
445 0.9046337072382071 -0.5272956029182151 1
446 0.8499692678229234 0.4585256740357448 1
447 0.8438725633851449 0.4962214016142661 1
448 0.7846716515633579 0.2544876850282132 1
449 0.7336290613241389 0.2129424815630982 1
450 0.8404141680845256 0.0892972282946638 1
451 0.9082784265651843 -0.3341590321032608 1
452 1.153417709728505 0.2599496895705664 1
453 1.170722840637936 0.1183339750330633 1
454 1.065053809779363 0.495175365005879 1
455 0.9118578888770842 -0.2351951628690132 1
456 0.9206736916001572 0.124098276919961 1
457 1.271604430428909 0.178930503334797 1
458 1.124276583541225 -0.3131600094689833 1
459 1.109591575152344 0.2748108276611079 1
460 0.9953654826745686 -0.1962382866438409 1
461 0.8874562364611189 -0.418832071772013 1
462 0.7526077827529357 -0.3202306640526875 1
463 1.161798526664293 0.3983803845920691 1
464 1.18450454135502 -0.3704909486508908 1
465 1.221069669647327 0.1695314869143338 1
466 1.084372304443598 -0.4277694430700836 1
467 0.8841290884972881 0.2993593230820454 1
468 0.9642212020967529 0.08340209135051826 1
469 1.055862712435895 -0.1996046955435099 1
470 1.04741587696104 -0.3663329519068514 1
471 0.7639013970691821 0.3589954005775525 1
472 0.9122611994980916 0.5034672767921491 1
473 0.8421646386218725 0.3948063728016606 1
474 1.080849254357803 0.1789772591990504 1
475 1.234506367403376 -0.1087726804618341 1
476 0.7762865509375991 0.1813348744403785 1
477 1.143608486765289 -0.08737760713994409 1
478 0.8371952119141628 0.2087810893724939 1
479 1.149984326686943 0.05643408510755929 1
480 1.058596140938926 -0.2328939759567497 1
481 0.9258815841163011 -0.3040749298622127 1
482 1.195801813966701 0.2912103543316666 1
483 1.070121897201559 -0.287001025937524 1
484 1.167374120725263 0.3355765390953411 1
485 1.262337429954278 -0.1985758496895251 1
486 1.033351323859677 -0.2495237148475523 1
487 0.9955743322371039 -0.5288770655479684 1
488 0.9981500585088493 0.3645938470094529 1
489 1.13316997456182 -0.246975188587155 1
490 1.144409449701417 0.02035441051054299 1
491 1.058889634875725 0.3136825134051498 1
492 1.208281359613478 0.334325915428002 1
493 1.013491017124438 -0.2959102156496128 1
494 1.204788695139976 0.2532036798873624 1
495 1.080443491758406 -0.1833292060014779 1
496 0.8789146289595176 0.4878107013649007 1
497 1.045822050850416 0.03128438653096441 1
498 0.8614058261204045 -0.5123549654183985 1
499 1.238711309972746 -0.01325359090078217 1
500 0.9576191232017242 0.4238363379150299 1
501 0.8488026953825915 -0.09227231264778002 1
502 0.8897118687868401 0.4346298699135962 1
503 1.03777472377038 -0.2781855792406027 1
504 1.04963999851288 0.2717226188871666 1
505 0.9877704642805644 -0.1325905431611693 1
506 1.253862910395925 -0.2487521235214686 1
507 0.9478820149668635 -0.3623914414244072 1
508 1.045267192456801 0.3891635310926191 1
509 1.195330225604441 0.01945113311527666 1
510 1.280503212386417 -0.1410674010595284 1
511 1.034336991827871 0.323972298790517 1
512 0.9602847359497919 -0.1056230990019263 1
513 1.161386510511905 0.1723264016234509 1
514 1.126378217510608 0.2547538107133746 1
515 0.8591805758655167 -0.3522876790528632 1
516 1.074574095206299 -0.01472189130868398 1
517 1.015819788799654 0.0510275819467029 1
518 0.7369594222585252 0.2891543253226204 1
519 0.9349977947922975 -0.4159360297316657 1
520 0.9857110867117893 0.5045788864605859 1
521 1.109279174662104 0.3399481800928285 1
522 1.004740193600152 -0.2385203846169025 1
523 1.20180711217546 -0.1684569710684819 1
524 1.016087857551794 -0.3199687607344325 1
525 1.050836115440191 0.1375112900173876 1
526 1.112071244744979 -0.2231666911379629 1
527 1.005349662949092 0.4036884399234738 1
528 1.060034049598407 -0.1388079309064758 1
529 0.8686036894760952 0.1048867173728149 1
530 1.02317354372859 -0.03310574270112681 1
531 1.111872252180176 -0.3979910272332312 1
532 0.8411879112306619 -0.05296868250227942 1
533 0.9793998501870876 0.4106236459857913 1
534 0.72535001285927 -0.1960471945055157 1
535 0.8546116684349045 -0.2562869786334436 1
536 0.9276849685802502 0.4566137330253525 1
537 1.041897250620455 0.3648416266420959 1
538 1.154163535747987 -0.4206274114086209 1
539 0.8051950786974889 0.4570310470551869 1
540 1.20186652130638 -0.3453382402115531 1
541 1.14404431422399 0.1122447263976151 1
542 0.7663479214100587 3.138107296388568e-05 1
543 1.064293093553001 0.4580004407540769 1
544 0.9690209753297201 -0.3808373234262689 1
545 0.9696275705282609 -0.5027543850564232 1
546 1.110456411414176 -0.4216708704383708 1
547 1.081623051787117 0.3506587593653127 1
548 1.295454080326099 -0.03414682872902781 1
549 0.8805664878823807 -0.1474194649395953 1
550 0.9649449197213587 0.02084128315953878 1
551 0.7645284671641821 -0.3705522770690698 1
552 0.8429309889412853 -0.1565254684712322 1
553 1.131782438616118 0.4424396737634105 1
554 0.8145903813164413 0.1445223868246599 1
555 1.015664368409842 0.219029187094837 1
556 1.036044987144136 -0.4148929333194018 1
557 1.093056318627212 -0.1033195957375756 1
558 0.7798913553285618 -0.4039571590598565 1
559 0.9620242235812191 0.2225787712977984 1
560 0.9056774515367527 -0.07296136484580996 1
561 0.7827085999283152 -0.2755251741873737 1
562 0.9704862666465095 -0.3286477821457804 1
563 0.9230669158451472 0.2495324292969065 1
564 0.8590841495533927 -0.4425836615834016 1
565 0.929719238300835 0.08214489344452873 1
566 1.249762084212003 0.1618728995601942 1
567 0.8968340868621427 -0.4957482059447799 1
568 0.7153359742079375 0.020061133184998 1
569 1.069595099217627 -0.4046217163747303 1
570 0.8771243152631816 -0.3288404607664559 1
571 0.8689153644112366 -0.394953767159784 1
572 0.9154794239353221 0.4337704186729735 1
573 0.9980181687626941 0.4492299445441888 1
574 1.005298858892293 0.4731437950036401 1
575 0.9301249334850352 -0.1236159132280178 1
576 0.772326596768788 -0.2181793223640709 1
577 0.9397575261952689 0.3800661596146627 1
$EndNodes
$Elements
1232
1 15 2 1 1 1
2 15 2 1 2 2
3 15 2 1 3 3
4 15 2 1 4 4
5 15 2 1 5 5
6 15 2 1 6 6
7 15 2 1 7 7
8 15 2 1 8 8
9 15 2 1 9 9
10 15 2 1 10 10
11 15 2 1 11 11
12 15 2 1 12 12
13 15 2 1 13 13
14 15 2 1 14 14
15 15 2 1 15 15
16 15 2 1 16 16
17 15 2 1 17 17
18 15 2 1 18 18
19 15 2 1 19 19
20 15 2 1 20 20
21 15 2 1 21 21
22 15 2 1 22 22
23 15 2 1 23 23
24 15 2 1 24 24
25 15 2 1 25 25
26 15 2 1 26 26
27 15 2 1 27 27
28 15 2 1 28 28
29 15 2 1 29 29
30 15 2 1 30 30
31 15 2 1 31 31
32 15 2 1 32 32
33 15 2 1 33 33
34 15 2 1 34 34
35 15 2 1 35 35
36 15 2 1 36 36
37 15 2 1 37 37
38 15 2 1 38 38
39 15 2 1 39 39
40 15 2 1 40 40
41 15 2 1 41 41
42 15 2 1 42 42
43 15 2 1 43 43
44 15 2 1 44 44
45 15 2 1 45 45
46 15 2 1 46 46
47 15 2 1 47 47
48 15 2 1 48 48
49 15 2 1 49 49
50 15 2 1 50 50
51 15 2 1 51 51
52 15 2 1 52 52
53 15 2 1 53 53
54 15 2 1 54 54
55 15 2 1 55 55
56 15 2 1 56 56
57 15 2 1 57 57
58 15 2 1 58 58
59 15 2 1 59 59
60 15 2 1 60 60
61 15 2 1 61 61
62 15 2 1 62 62
63 15 2 1 63 63
64 15 2 1 64 64
65 15 2 1 65 65
66 15 2 1 66 66
67 15 2 1 67 67
68 15 2 1 68 68
69 15 2 1 69 69
70 15 2 1 70 70
71 15 2 1 71 71
72 15 2 1 72 72
73 15 2 1 73 73
74 15 2 1 74 74
75 15 2 1 75 75
76 15 2 1 76 76
77 15 2 1 77 77
78 15 2 1 78 78
79 15 2 1 79 79
80 15 2 1 80 80
81 1 2 1 81 1 2
82 1 2 1 82 2 3
83 1 2 1 83 3 4
84 1 2 1 84 4 5
85 1 2 1 85 5 6
86 1 2 1 86 6 7
87 1 2 1 87 7 8
88 1 2 1 88 8 9
89 1 2 1 89 9 10
90 1 2 1 90 10 11
91 1 2 1 91 11 12
92 1 2 1 92 12 13
93 1 2 1 93 13 14
94 1 2 1 94 14 15
95 1 2 1 95 15 16
96 1 2 1 96 16 17
97 1 2 1 97 17 18
98 1 2 1 98 18 19
99 1 2 1 99 19 20
100 1 2 1 100 20 21
101 1 2 1 101 21 22
102 1 2 1 102 22 23
103 1 2 1 103 23 24
104 1 2 1 104 24 25
105 1 2 1 105 25 26
106 1 2 1 106 26 27
107 1 2 1 107 27 28
108 1 2 1 108 28 29
109 1 2 1 109 29 30
110 1 2 1 110 30 31
111 1 2 1 111 31 32
112 1 2 1 112 32 33
113 1 2 1 113 33 34
114 1 2 1 114 34 35
115 1 2 1 115 35 36
116 1 2 1 116 36 37
117 1 2 1 117 37 38
118 1 2 1 118 38 39
119 1 2 1 119 39 40
120 1 2 1 120 40 41
121 1 2 1 121 41 42
122 1 2 1 122 42 43
123 1 2 1 123 43 44
124 1 2 1 124 44 45
125 1 2 1 125 45 46
126 1 2 1 126 46 47
127 1 2 1 127 47 48
128 1 2 1 128 48 49
129 1 2 1 129 49 50
130 1 2 1 130 50 51
131 1 2 1 131 51 52
132 1 2 1 132 52 53
133 1 2 1 133 53 54
134 1 2 1 134 54 55
135 1 2 1 135 55 56
136 1 2 1 136 56 57
137 1 2 1 137 57 58
138 1 2 1 138 58 59
139 1 2 1 139 59 60
140 1 2 1 140 60 61
141 1 2 1 141 61 62
142 1 2 1 142 62 63
143 1 2 1 143 63 64
144 1 2 1 144 64 65
145 1 2 1 145 65 66
146 1 2 1 146 66 67
147 1 2 1 147 67 68
148 1 2 1 148 68 69
149 1 2 1 149 69 70
150 1 2 1 150 70 71
151 1 2 1 151 71 72
152 1 2 1 152 72 73
153 1 2 1 153 73 74
154 1 2 1 154 74 75
155 1 2 1 155 75 76
156 1 2 1 156 76 77
157 1 2 1 157 77 78
158 1 2 1 158 78 79
159 1 2 1 159 79 80
160 1 2 1 160 80 1
161 2 2 1 162 191 136 316
162 2 2 1 162 194 157 398
163 2 2 1 162 38 39 213
164 2 2 1 162 157 194 513
165 2 2 1 162 221 82 365
166 2 2 1 162 193 92 318
167 2 2 1 162 3 4 226
168 2 2 1 162 1 2 242
169 2 2 1 162 105 199 346
170 2 2 1 162 251 139 271
171 2 2 1 162 12 210 331
172 2 2 1 162 285 121 328
173 2 2 1 162 206 138 464
174 2 2 1 162 212 125 536
175 2 2 1 162 65 66 252
176 2 2 1 162 102 335 404
177 2 2 1 162 233 81 255
178 2 2 1 162 1 242 431
179 2 2 1 162 94 251 271
180 2 2 1 162 38 213 377
181 2 2 1 162 131 213 300
182 2 2 1 162 219 134 271
183 2 2 1 162 114 227 480
184 2 2 1 162 92 193 414
185 2 2 1 162 72 73 282
186 2 2 1 162 170 242 267
187 2 2 1 162 136 191 470
188 2 2 1 162 261 348 383
189 2 2 1 162 129 211 532
190 2 2 1 162 72 282 444
191 2 2 1 162 93 222 303
192 2 2 1 162 227 196 480
193 2 2 1 162 242 123 267
194 2 2 1 162 255 81 517
195 2 2 1 162 126 239 433
196 2 2 1 162 209 111 430
197 2 2 1 162 365 82 460
198 2 2 1 162 88 238 385
199 2 2 1 162 226 123 384
200 2 2 1 162 125 244 536
201 2 2 1 162 128 223 237
202 2 2 1 162 138 317 464
203 2 2 1 162 257 130 336
204 2 2 1 162 222 93 570
205 2 2 1 162 230 129 532
206 2 2 1 162 166 209 430
207 2 2 1 162 130 301 336
208 2 2 1 162 126 433 467
209 2 2 1 162 238 88 266
210 2 2 1 162 199 105 357
211 2 2 1 162 261 118 348
212 2 2 1 162 345 284 421
213 2 2 1 162 65 252 405
214 2 2 1 162 216 99 337
215 2 2 1 162 201 110 321
216 2 2 1 162 139 210 463
217 2 2 1 162 134 219 401
218 2 2 1 162 238 181 385
219 2 2 1 162 139 219 271
220 2 2 1 162 225 142 286
221 2 2 1 162 155 233 255
222 2 2 1 162 55 56 280
223 2 2 1 162 123 242 384
224 2 2 1 162 222 140 303
225 2 2 1 162 228 106 278
226 2 2 1 162 280 56 445
227 2 2 1 162 216 118 347
228 2 2 1 162 226 4 319
229 2 2 1 162 212 164 472
230 2 2 1 162 167 247 350
231 2 2 1 162 93 249 570
232 2 2 1 162 164 212 427
233 2 2 1 162 82 263 522
234 2 2 1 162 234 135 428
235 2 2 1 162 110 215 321
236 2 2 1 162 96 284 345
237 2 2 1 162 200 137 396
238 2 2 1 162 159 228 278
239 2 2 1 162 281 143 289
240 2 2 1 162 276 88 385
241 2 2 1 162 346 199 576
242 2 2 1 162 120 229 264
243 2 2 1 162 162 232 304
244 2 2 1 162 170 234 548
245 2 2 1 162 99 216 347
246 2 2 1 162 273 134 401
247 2 2 1 162 249 93 328
248 2 2 1 162 157 293 474
249 2 2 1 162 216 337 530
250 2 2 1 162 122 361 452
251 2 2 1 162 177 285 328
252 2 2 1 162 61 62 237
253 2 2 1 162 149 241 338
254 2 2 1 162 267 123 302
255 2 2 1 162 431 170 548
256 2 2 1 162 125 212 472
257 2 2 1 162 212 119 427
258 2 2 1 162 250 121 285
259 2 2 1 162 110 201 397
260 2 2 1 162 305 102 404
261 2 2 1 162 398 157 474
262 2 2 1 162 241 85 338
263 2 2 1 162 138 206 362
264 2 2 1 162 138 218 317
265 2 2 1 162 198 276 385
266 2 2 1 162 21 22 240
267 2 2 1 162 138 238 266
268 2 2 1 162 130 274 280
269 2 2 1 162 210 12 463
270 2 2 1 162 151 268 380
271 2 2 1 162 263 82 334
272 2 2 1 162 234 170 499
273 2 2 1 162 111 209 332
274 2 2 1 162 225 90 302
275 2 2 1 162 135 292 428
276 2 2 1 162 263 113 493
277 2 2 1 162 213 131 377
278 2 2 1 162 233 172 443
279 2 2 1 162 322 139 463
280 2 2 1 162 35 36 296
281 2 2 1 162 193 318 368
282 2 2 1 162 318 133 368
283 2 2 1 162 268 98 380
284 2 2 1 162 280 274 498
285 2 2 1 162 16 17 273
286 2 2 1 162 111 206 430
287 2 2 1 162 176 297 359
288 2 2 1 162 263 204 522
289 2 2 1 162 41 42 269
290 2 2 1 162 304 172 399
291 2 2 1 162 181 227 483
292 2 2 1 162 229 120 533
293 2 2 1 162 11 12 331
294 2 2 1 162 215 126 321
295 2 2 1 162 196 227 526
296 2 2 1 162 137 200 369
297 2 2 1 162 209 166 391
298 2 2 1 162 119 212 340
299 2 2 1 162 337 144 530
300 2 2 1 162 148 220 397
301 2 2 1 162 273 17 454
302 2 2 1 162 248 194 398
303 2 2 1 162 297 104 359
304 2 2 1 162 118 261 347
305 2 2 1 162 281 289 495
306 2 2 1 162 202 270 340
307 2 2 1 162 93 291 328
308 2 2 1 162 116 221 365
309 2 2 1 162 206 111 362
310 2 2 1 162 243 132 571
311 2 2 1 162 132 235 571
312 2 2 1 162 204 263 493
313 2 2 1 162 224 141 291
314 2 2 1 162 242 170 431
315 2 2 1 162 355 87 501
316 2 2 1 162 215 91 320
317 2 2 1 162 126 215 320
318 2 2 1 162 227 114 483
319 2 2 1 162 219 139 322
320 2 2 1 162 8 9 246
321 2 2 1 162 307 47 462
322 2 2 1 162 210 139 378
323 2 2 1 162 53 54 274
324 2 2 1 162 41 269 312
325 2 2 1 162 81 233 443
326 2 2 1 162 215 110 308
327 2 2 1 162 350 247 459
328 2 2 1 162 202 340 500
329 2 2 1 162 107 253 502
330 2 2 1 162 237 179 421
331 2 2 1 162 288 101 379
332 2 2 1 162 361 122 482
333 2 2 1 162 305 234 499
334 2 2 1 162 142 226 319
335 2 2 1 162 128 237 421
336 2 2 1 162 46 47 307
337 2 2 1 162 186 288 379
338 2 2 1 162 132 243 299
339 2 2 1 162 241 149 390
340 2 2 1 162 291 93 535
341 2 2 1 162 143 228 364
342 2 2 1 162 158 293 325
343 2 2 1 162 25 26 260
344 2 2 1 162 224 147 410
345 2 2 1 162 297 176 387
346 2 2 1 162 82 221 334
347 2 2 1 162 77 78 292
348 2 2 1 162 106 413 475
349 2 2 1 162 403 182 550
350 2 2 1 162 253 200 502
351 2 2 1 162 217 158 325
352 2 2 1 162 87 355 560
353 2 2 1 162 123 225 302
354 2 2 1 162 296 36 449
355 2 2 1 162 63 324 392
356 2 2 1 162 99 275 337
357 2 2 1 162 220 110 397
358 2 2 1 162 224 291 535
359 2 2 1 162 267 302 509
360 2 2 1 162 335 159 404
361 2 2 1 162 124 266 395
362 2 2 1 162 75 76 358
363 2 2 1 162 266 88 395
364 2 2 1 162 129 230 288
365 2 2 1 162 108 210 378
366 2 2 1 162 124 395 569
367 2 2 1 162 323 192 501
368 2 2 1 162 97 304 399
369 2 2 1 162 293 86 325
370 2 2 1 162 146 230 383
371 2 2 1 162 210 108 484
372 2 2 1 162 218 138 531
373 2 2 1 162 220 148 363
374 2 2 1 162 21 240 330
375 2 2 1 162 182 366 550
376 2 2 1 162 142 225 408
377 2 2 1 162 179 324 345
378 2 2 1 162 227 181 332
379 2 2 1 162 361 197 452
380 2 2 1 162 297 180 370
381 2 2 1 162 253 95 369
382 2 2 1 162 46 307 329
383 2 2 1 162 75 358 485
384 2 2 1 162 91 215 478
385 2 2 1 162 311 151 380
386 2 2 1 162 104 297 370
387 2 2 1 162 211 129 424
388 2 2 1 162 135 234 305
389 2 2 1 162 213 39 411
390 2 2 1 162 106 228 344
391 2 2 1 162 83 264 314
392 2 2 1 162 98 277 336
393 2 2 1 162 304 232 443
394 2 2 1 162 133 282 287
395 2 2 1 162 394 201 467
396 2 2 1 162 228 143 344
397 2 2 1 162 262 116 365
398 2 2 1 162 158 217 555
399 2 2 1 162 45 46 329
400 2 2 1 162 270 119 340
401 2 2 1 162 77 292 510
402 2 2 1 162 63 64 324
403 2 2 1 162 232 162 456
404 2 2 1 162 147 256 410
405 2 2 1 162 134 297 387
406 2 2 1 162 278 106 475
407 2 2 1 162 230 146 367
408 2 2 1 162 359 202 533
409 2 2 1 162 172 233 525
410 2 2 1 162 277 161 336
411 2 2 1 162 133 287 368
412 2 2 1 162 3 226 384
413 2 2 1 162 225 123 408
414 2 2 1 162 258 148 315
415 2 2 1 162 136 236 544
416 2 2 1 162 240 22 339
417 2 2 1 162 275 183 337
418 2 2 1 162 191 316 556
419 2 2 1 162 348 146 383
420 2 2 1 162 299 243 393
421 2 2 1 162 110 220 448
422 2 2 1 162 118 216 403
423 2 2 1 162 287 175 368
424 2 2 1 162 223 128 545
425 2 2 1 162 324 152 345
426 2 2 1 162 238 138 362
427 2 2 1 162 115 275 371
428 2 2 1 162 269 129 312
429 2 2 1 162 323 211 424
430 2 2 1 162 147 224 535
431 2 2 1 162 283 37 377
432 2 2 1 162 173 311 380
433 2 2 1 162 160 254 308
434 2 2 1 162 233 155 432
435 2 2 1 162 245 145 402
436 2 2 1 162 90 225 453
437 2 2 1 162 244 125 333
438 2 2 1 162 150 214 354
439 2 2 1 162 148 258 471
440 2 2 1 162 214 150 381
441 2 2 1 162 221 116 422
442 2 2 1 162 245 136 544
443 2 2 1 162 140 222 481
444 2 2 1 162 337 183 349
445 2 2 1 162 194 248 541
446 2 2 1 162 226 142 408
447 2 2 1 162 527 359 533
448 2 2 1 162 237 223 487
449 2 2 1 162 153 323 424
450 2 2 1 162 239 83 433
451 2 2 1 162 314 264 577
452 2 2 1 162 241 390 516
453 2 2 1 162 150 258 315
454 2 2 1 162 211 323 501
455 2 2 1 162 123 226 408
456 2 2 1 162 61 237 487
457 2 2 1 162 409 217 420
458 2 2 1 162 302 90 479
459 2 2 1 162 152 279 345
460 2 2 1 162 180 273 454
461 2 2 1 162 363 34 518
462 2 2 1 162 203 382 426
463 2 2 1 162 275 171 371
464 2 2 1 162 295 122 452
465 2 2 1 162 154 409 420
466 2 2 1 162 252 152 405
467 2 2 1 162 225 286 453
468 2 2 1 162 83 239 416
469 2 2 1 162 140 263 334
470 2 2 1 162 151 440 545
471 2 2 1 162 141 224 346
472 2 2 1 162 144 337 349
473 2 2 1 162 220 363 518
474 2 2 1 162 314 137 326
475 2 2 1 162 53 274 435
476 2 2 1 162 25 260 343
477 2 2 1 162 279 96 345
478 2 2 1 162 173 280 445
479 2 2 1 162 121 235 515
480 2 2 1 162 300 213 379
481 2 2 1 162 276 136 470
482 2 2 1 162 228 159 477
483 2 2 1 162 37 38 377
484 2 2 1 162 246 9 341
485 2 2 1 162 248 155 419
486 2 2 1 162 95 326 369
487 2 2 1 162 263 140 374
488 2 2 1 162 249 121 515
489 2 2 1 162 85 241 349
490 2 2 1 162 121 249 328
491 2 2 1 162 260 26 353
492 2 2 1 162 208 295 452
493 2 2 1 162 32 258 437
494 2 2 1 162 136 245 316
495 2 2 1 162 161 243 461
496 2 2 1 162 235 132 515
497 2 2 1 162 221 422 455
498 2 2 1 162 364 228 477
499 2 2 1 162 253 107 381
500 2 2 1 162 317 218 538
501 2 2 1 162 127 265 400
502 2 2 1 162 340 89 500
503 2 2 1 162 108 350 361
504 2 2 1 162 236 136 360
505 2 2 1 162 237 62 392
506 2 2 1 162 99 347 512
507 2 2 1 162 242 2 384
508 2 2 1 162 166 282 391
509 2 2 1 162 209 318 489
510 2 2 1 162 382 162 426
511 2 2 1 162 138 266 531
512 2 2 1 162 154 356 409
513 2 2 1 162 172 304 443
514 2 2 1 162 145 245 372
515 2 2 1 162 20 21 330
516 2 2 1 162 103 295 389
517 2 2 1 162 250 168 373
518 2 2 1 162 272 162 382
519 2 2 1 162 206 294 430
520 2 2 1 162 192 355 501
521 2 2 1 162 179 237 392
522 2 2 1 162 287 74 485
523 2 2 1 162 154 239 356
524 2 2 1 162 161 257 336
525 2 2 1 162 86 247 325
526 2 2 1 162 396 137 577
527 2 2 1 162 243 161 393
528 2 2 1 162 6 375 457
529 2 2 1 162 163 394 467
530 2 2 1 162 239 154 416
531 2 2 1 162 241 144 349
532 2 2 1 162 247 167 491
533 2 2 1 162 120 264 488
534 2 2 1 162 94 271 387
535 2 2 1 162 422 147 455
536 2 2 1 162 144 241 516
537 2 2 1 162 91 272 382
538 2 2 1 162 318 92 489
539 2 2 1 162 146 265 367
540 2 2 1 162 282 133 391
541 2 2 1 162 175 413 523
542 2 2 1 162 258 150 437
543 2 2 1 162 168 250 558
544 2 2 1 162 130 257 418
545 2 2 1 162 350 197 361
546 2 2 1 162 251 94 547
547 2 2 1 162 324 179 392
548 2 2 1 162 18 19 290
549 2 2 1 162 74 75 485
550 2 2 1 162 155 255 436
551 2 2 1 162 282 166 444
552 2 2 1 162 383 230 532
553 2 2 1 162 8 246 429
554 2 2 1 162 163 314 326
555 2 2 1 162 295 103 417
556 2 2 1 162 306 182 403
557 2 2 1 162 281 92 414
558 2 2 1 162 275 99 505
559 2 2 1 162 272 91 442
560 2 2 1 162 265 101 367
561 2 2 1 162 117 247 491
562 2 2 1 162 295 208 389
563 2 2 1 162 181 238 458
564 2 2 1 162 205 460 522
565 2 2 1 162 261 185 347
566 2 2 1 162 235 121 373
567 2 2 1 162 43 44 309
568 2 2 1 162 151 376 440
569 2 2 1 162 363 148 471
570 2 2 1 162 131 283 377
571 2 2 1 162 28 29 327
572 2 2 1 162 128 268 545
573 2 2 1 162 259 178 352
574 2 2 1 162 178 259 511
575 2 2 1 162 41 312 568
576 2 2 1 162 239 126 563
577 2 2 1 162 229 396 577
578 2 2 1 162 30 31 354
579 2 2 1 162 177 307 462
580 2 2 1 162 409 356 559
581 2 2 1 162 33 34 363
582 2 2 1 162 139 251 378
583 2 2 1 162 174 295 417
584 2 2 1 162 274 130 418
585 2 2 1 162 256 147 422
586 2 2 1 162 31 32 437
587 2 2 1 162 171 262 365
588 2 2 1 162 219 322 553
589 2 2 1 162 287 282 506
590 2 2 1 162 252 66 407
591 2 2 1 162 186 379 411
592 2 2 1 162 309 44 534
593 2 2 1 162 246 174 429
594 2 2 1 162 379 213 411
595 2 2 1 162 315 148 406
596 2 2 1 162 199 309 534
597 2 2 1 162 185 261 560
598 2 2 1 162 37 283 449
599 2 2 1 162 40 41 568
600 2 2 1 162 36 37 449
601 2 2 1 162 51 52 298
602 2 2 1 162 264 229 577
603 2 2 1 162 168 298 351
604 2 2 1 162 83 259 352
605 2 2 1 162 236 156 507
606 2 2 1 162 201 321 467
607 2 2 1 162 22 23 339
608 2 2 1 162 184 272 442
609 2 2 1 162 368 175 523
610 2 2 1 162 192 323 552
611 2 2 1 162 200 253 369
612 2 2 1 162 188 302 479
613 2 2 1 162 112 248 398
614 2 2 1 162 87 383 532
615 2 2 1 162 247 117 504
616 2 2 1 162 214 381 446
617 2 2 1 162 248 419 541
618 2 2 1 162 24 25 343
619 2 2 1 162 440 223 545
620 2 2 1 162 262 171 505
621 2 2 1 162 189 361 482
622 2 2 1 162 306 403 530
623 2 2 1 162 259 117 511
624 2 2 1 162 121 250 373
625 2 2 1 162 152 252 466
626 2 2 1 162 372 245 544
627 2 2 1 162 84 372 544
628 2 2 1 162 84 299 393
629 2 2 1 162 26 27 353
630 2 2 1 162 137 314 577
631 2 2 1 162 57 58 311
632 2 2 1 162 6 7 375
633 2 2 1 162 68 69 317
634 2 2 1 162 174 246 494
635 2 2 1 162 248 112 432
636 2 2 1 162 413 190 475
637 2 2 1 162 291 177 328
638 2 2 1 162 165 274 418
639 2 2 1 162 266 124 531
640 2 2 1 162 156 236 562
641 2 2 1 162 381 107 446
642 2 2 1 162 190 292 475
643 2 2 1 162 116 262 575
644 2 2 1 162 289 115 495
645 2 2 1 162 265 146 400
646 2 2 1 162 390 231 436
647 2 2 1 162 375 207 457
648 2 2 1 162 113 263 374
649 2 2 1 162 220 296 448
650 2 2 1 162 155 248 432
651 2 2 1 162 4 5 319
652 2 2 1 162 420 217 504
653 2 2 1 162 254 160 476
654 2 2 1 162 247 86 459
655 2 2 1 162 13 14 322
656 2 2 1 162 268 151 545
657 2 2 1 162 292 190 510
658 2 2 1 162 136 276 360
659 2 2 1 162 292 135 475
660 2 2 1 162 436 255 497
661 2 2 1 162 119 270 412
662 2 2 1 162 254 131 554
663 2 2 1 162 92 281 526
664 2 2 1 162 109 390 436
665 2 2 1 162 148 397 406
666 2 2 1 162 374 140 481
667 2 2 1 162 119 240 427
668 2 2 1 162 246 482 494
669 2 2 1 162 172 342 399
670 2 2 1 162 274 165 435
671 2 2 1 162 286 194 453
672 2 2 1 162 333 187 446
673 2 2 1 162 264 83 352
674 2 2 1 162 521 251 547
675 2 2 1 162 320 91 382
676 2 2 1 162 271 134 387
677 2 2 1 162 294 71 444
678 2 2 1 162 298 165 351
679 2 2 1 162 274 54 498
680 2 2 1 162 281 196 526
681 2 2 1 162 16 273 401
682 2 2 1 162 269 153 424
683 2 2 1 162 288 230 367
684 2 2 1 162 307 141 329
685 2 2 1 162 261 383 560
686 2 2 1 162 298 168 439
687 2 2 1 162 240 119 520
688 2 2 1 162 131 254 476
689 2 2 1 162 265 127 529
690 2 2 1 162 232 456 565
691 2 2 1 162 153 269 388
692 2 2 1 162 258 32 471
693 2 2 1 162 259 83 416
694 2 2 1 162 482 122 494
695 2 2 1 162 107 333 446
696 2 2 1 162 71 72 444
697 2 2 1 162 257 161 461
698 2 2 1 162 170 267 499
699 2 2 1 162 167 521 547
700 2 2 1 162 129 269 424
701 2 2 1 162 389 208 425
702 2 2 1 162 117 420 504
703 2 2 1 162 383 87 560
704 2 2 1 162 316 245 402
705 2 2 1 162 375 174 417
706 2 2 1 162 257 100 564
707 2 2 1 162 433 163 467
708 2 2 1 162 179 345 421
709 2 2 1 162 85 364 477
710 2 2 1 162 48 285 462
711 2 2 1 162 109 436 497
712 2 2 1 162 117 259 420
713 2 2 1 162 306 144 516
714 2 2 1 162 207 375 417
715 2 2 1 162 289 143 364
716 2 2 1 162 301 98 336
717 2 2 1 162 151 311 376
718 2 2 1 162 264 352 488
719 2 2 1 162 267 102 499
720 2 2 1 162 278 135 404
721 2 2 1 162 157 389 425
722 2 2 1 162 327 29 539
723 2 2 1 162 551 49 558
724 2 2 1 162 160 296 449
725 2 2 1 162 312 129 542
726 2 2 1 162 389 157 513
727 2 2 1 162 277 98 386
728 2 2 1 162 100 257 461
729 2 2 1 162 94 387 508
730 2 2 1 162 9 10 341
731 2 2 1 162 127 400 565
732 2 2 1 162 64 65 405
733 2 2 1 162 101 288 367
734 2 2 1 162 153 309 357
735 2 2 1 162 331 210 484
736 2 2 1 162 98 268 386
737 2 2 1 162 286 103 513
738 2 2 1 162 95 253 473
739 2 2 1 162 269 42 388
740 2 2 1 162 171 275 505
741 2 2 1 162 303 140 455
742 2 2 1 162 39 40 411
743 2 2 1 162 101 265 450
744 2 2 1 162 231 419 436
745 2 2 1 162 102 267 509
746 2 2 1 162 159 278 404
747 2 2 1 162 145 277 386
748 2 2 1 162 460 82 522
749 2 2 1 162 118 403 550
750 2 2 1 162 277 145 372
751 2 2 1 162 256 422 549
752 2 2 1 162 83 314 433
753 2 2 1 162 98 301 380
754 2 2 1 162 162 272 456
755 2 2 1 162 47 48 462
756 2 2 1 162 149 335 438
757 2 2 1 162 419 155 436
758 2 2 1 162 286 142 465
759 2 2 1 162 203 320 382
760 2 2 1 162 125 260 496
761 2 2 1 162 260 125 472
762 2 2 1 162 284 145 441
763 2 2 1 162 259 416 420
764 2 2 1 162 250 551 558
765 2 2 1 162 324 64 405
766 2 2 1 162 422 116 549
767 2 2 1 162 309 199 357
768 2 2 1 162 268 128 441
769 2 2 1 162 159 335 338
770 2 2 1 162 335 149 338
771 2 2 1 162 290 19 423
772 2 2 1 162 250 285 551
773 2 2 1 162 103 286 465
774 2 2 1 162 2 3 384
775 2 2 1 162 238 362 458
776 2 2 1 162 284 128 421
777 2 2 1 162 183 289 557
778 2 2 1 162 302 188 509
779 2 2 1 162 194 286 513
780 2 2 1 162 49 50 558
781 2 2 1 162 15 16 401
782 2 2 1 162 273 180 543
783 2 2 1 162 88 276 470
784 2 2 1 162 397 201 406
785 2 2 1 162 127 272 529
786 2 2 1 162 298 52 435
787 2 2 1 162 169 290 423
788 2 2 1 162 456 127 565
789 2 2 1 162 198 483 503
790 2 2 1 162 128 284 441
791 2 2 1 162 71 294 540
792 2 2 1 162 419 90 541
793 2 2 1 162 323 153 357
794 2 2 1 162 272 127 456
795 2 2 1 162 55 280 498
796 2 2 1 162 140 334 455
797 2 2 1 162 69 70 464
798 2 2 1 162 171 365 460
799 2 2 1 162 270 202 573
800 2 2 1 162 205 371 460
801 2 2 1 162 309 153 388
802 2 2 1 162 272 184 529
803 2 2 1 162 12 13 463
804 2 2 1 162 275 115 528
805 2 2 1 162 105 323 357
806 2 2 1 162 165 298 435
807 2 2 1 162 66 67 407
808 2 2 1 162 18 290 454
809 2 2 1 162 180 290 370
810 2 2 1 162 301 173 380
811 2 2 1 162 283 160 449
812 2 2 1 162 68 317 538
813 2 2 1 162 290 180 454
814 2 2 1 162 70 71 540
815 2 2 1 162 290 169 370
816 2 2 1 162 442 91 478
817 2 2 1 162 390 109 516
818 2 2 1 162 416 154 420
819 2 2 1 162 319 5 457
820 2 2 1 162 279 152 466
821 2 2 1 162 284 96 402
822 2 2 1 162 145 284 402
823 2 2 1 162 160 283 476
824 2 2 1 162 149 438 490
825 2 2 1 162 323 105 552
826 2 2 1 162 183 275 528
827 2 2 1 162 112 398 474
828 2 2 1 162 303 147 535
829 2 2 1 162 322 14 553
830 2 2 1 162 135 278 475
831 2 2 1 162 143 281 414
832 2 2 1 162 254 442 478
833 2 2 1 162 288 186 542
834 2 2 1 162 356 239 563
835 2 2 1 162 101 300 379
836 2 2 1 162 354 31 437
837 2 2 1 162 169 330 520
838 2 2 1 162 51 298 439
839 2 2 1 162 42 43 388
840 2 2 1 162 184 300 450
841 2 2 1 162 175 358 413
842 2 2 1 162 270 573 574
843 2 2 1 162 334 221 455
844 2 2 1 162 292 78 428
845 2 2 1 162 479 231 490
846 2 2 1 162 58 59 376
847 2 2 1 162 62 63 392
848 2 2 1 162 96 279 556
849 2 2 1 162 43 309 388
850 2 2 1 162 214 327 539
851 2 2 1 162 358 190 413
852 2 2 1 162 296 160 448
853 2 2 1 162 285 48 551
854 2 2 1 162 198 385 483
855 2 2 1 162 300 101 450
856 2 2 1 162 311 58 376
857 2 2 1 162 282 73 506
858 2 2 1 162 10 11 492
859 2 2 1 162 134 273 543
860 2 2 1 162 283 131 476
861 2 2 1 162 318 209 391
862 2 2 1 162 59 60 440
863 2 2 1 162 280 173 567
864 2 2 1 162 253 381 473
865 2 2 1 162 233 432 525
866 2 2 1 162 326 137 369
867 2 2 1 162 86 293 425
868 2 2 1 162 74 287 506
869 2 2 1 162 96 316 402
870 2 2 1 162 133 318 391
871 2 2 1 162 48 49 551
872 2 2 1 162 332 209 489
873 2 2 1 162 308 254 478
874 2 2 1 162 246 341 482
875 2 2 1 162 362 111 458
876 2 2 1 162 333 107 502
877 2 2 1 162 105 410 552
878 2 2 1 162 293 157 425
879 2 2 1 162 276 198 524
880 2 2 1 162 196 281 495
881 2 2 1 162 293 158 474
882 2 2 1 162 135 305 404
883 2 2 1 162 410 256 552
884 2 2 1 162 296 220 518
885 2 2 1 162 50 51 439
886 2 2 1 162 573 104 574
887 2 2 1 162 146 348 400
888 2 2 1 162 7 8 429
889 2 2 1 162 289 364 557
890 2 2 1 162 425 208 514
891 2 2 1 162 160 308 448
892 2 2 1 162 78 79 428
893 2 2 1 162 188 479 490
894 2 2 1 162 57 311 445
895 2 2 1 162 52 53 435
896 2 2 1 162 355 185 560
897 2 2 1 162 279 191 556
898 2 2 1 162 340 212 536
899 2 2 1 162 162 304 426
900 2 2 1 162 197 350 459
901 2 2 1 162 28 327 447
902 2 2 1 162 175 287 485
903 2 2 1 162 76 77 510
904 2 2 1 162 120 527 533
905 2 2 1 162 372 84 519
906 2 2 1 162 304 97 426
907 2 2 1 162 299 84 507
908 2 2 1 162 11 331 492
909 2 2 1 162 89 396 500
910 2 2 1 162 193 344 414
911 2 2 1 162 294 166 430
912 2 2 1 162 440 60 487
913 2 2 1 162 19 20 423
914 2 2 1 162 443 232 468
915 2 2 1 162 27 28 447
916 2 2 1 162 32 33 471
917 2 2 1 162 122 295 494
918 2 2 1 162 244 333 502
919 2 2 1 162 81 443 468
920 2 2 1 162 432 112 525
921 2 2 1 162 130 280 567
922 2 2 1 162 145 386 441
923 2 2 1 162 115 289 528
924 2 2 1 162 161 277 519
925 2 2 1 162 285 177 462
926 2 2 1 162 295 174 494
927 2 2 1 162 108 378 521
928 2 2 1 162 156 299 507
929 2 2 1 162 294 206 540
930 2 2 1 162 166 294 444
931 2 2 1 162 150 354 437
932 2 2 1 162 177 291 561
933 2 2 1 162 326 95 394
934 2 2 1 162 95 315 406
935 2 2 1 162 327 187 447
936 2 2 1 162 461 243 571
937 2 2 1 162 80 1 431
938 2 2 1 162 191 279 569
939 2 2 1 162 17 18 454
940 2 2 1 162 310 176 527
941 2 2 1 162 308 110 448
942 2 2 1 162 34 35 518
943 2 2 1 162 126 320 563
944 2 2 1 162 344 143 414
945 2 2 1 162 412 169 520
946 2 2 1 162 173 301 567
947 2 2 1 162 300 184 554
948 2 2 1 162 29 30 539
949 2 2 1 162 289 183 528
950 2 2 1 162 240 339 427
951 2 2 1 162 35 296 518
952 2 2 1 162 111 332 458
953 2 2 1 162 56 57 445
954 2 2 1 162 132 299 451
955 2 2 1 162 180 297 543
956 2 2 1 162 342 158 399
957 2 2 1 162 315 95 473
958 2 2 1 162 306 109 497
959 2 2 1 162 44 45 534
960 2 2 1 162 215 308 478
961 2 2 1 162 89 340 536
962 2 2 1 162 23 24 434
963 2 2 1 162 299 156 451
964 2 2 1 162 307 177 561
965 2 2 1 162 5 6 457
966 2 2 1 162 358 175 485
967 2 2 1 162 131 300 554
968 2 2 1 162 120 310 527
969 2 2 1 162 332 181 458
970 2 2 1 162 129 288 542
971 2 2 1 162 260 353 496
972 2 2 1 162 279 466 569
973 2 2 1 162 163 326 394
974 2 2 1 162 311 173 445
975 2 2 1 162 20 330 423
976 2 2 1 162 152 324 405
977 2 2 1 162 320 203 563
978 2 2 1 162 464 70 540
979 2 2 1 162 333 125 496
980 2 2 1 162 378 251 521
981 2 2 1 162 150 315 473
982 2 2 1 162 105 346 410
983 2 2 1 162 60 61 487
984 2 2 1 162 327 214 446
985 2 2 1 162 147 303 455
986 2 2 1 162 54 55 498
987 2 2 1 162 366 81 468
988 2 2 1 162 227 332 489
989 2 2 1 162 465 142 566
990 2 2 1 162 186 312 542
991 2 2 1 162 439 168 558
992 2 2 1 162 100 461 571
993 2 2 1 162 348 195 400
994 2 2 1 162 396 229 500
995 2 2 1 162 394 95 406
996 2 2 1 162 176 310 508
997 2 2 1 162 195 366 468
998 2 2 1 162 413 106 523
999 2 2 1 162 314 163 433
1000 2 2 1 162 109 306 516
1001 2 2 1 162 158 342 474
1002 2 2 1 162 343 260 472
1003 2 2 1 162 182 306 497
1004 2 2 1 162 466 124 569
1005 2 2 1 162 159 338 477
1006 2 2 1 162 466 252 546
1007 2 2 1 162 451 156 481
1008 2 2 1 162 187 333 496
1009 2 2 1 162 346 224 410
1010 2 2 1 162 497 255 517
1011 2 2 1 162 301 130 567
1012 2 2 1 162 291 141 561
1013 2 2 1 162 67 68 538
1014 2 2 1 162 310 120 488
1015 2 2 1 162 73 74 506
1016 2 2 1 162 14 15 553
1017 2 2 1 162 344 193 523
1018 2 2 1 162 339 23 434
1019 2 2 1 162 347 185 512
1020 2 2 1 162 411 40 568
1021 2 2 1 162 144 306 530
1022 2 2 1 162 321 126 467
1023 2 2 1 162 317 69 464
1024 2 2 1 162 297 134 543
1025 2 2 1 162 84 393 519
1026 2 2 1 162 187 327 446
1027 2 2 1 162 442 254 554
1028 2 2 1 162 86 425 514
1029 2 2 1 162 313 167 547
1030 2 2 1 162 93 303 535
1031 2 2 1 162 102 305 499
1032 2 2 1 162 330 169 423
1033 2 2 1 162 106 344 523
1034 2 2 1 162 313 94 537
1035 2 2 1 162 316 96 556
1036 2 2 1 162 182 497 517
1037 2 2 1 162 335 102 438
1038 2 2 1 162 13 322 463
1039 2 2 1 162 381 150 473
1040 2 2 1 162 164 339 434
1041 2 2 1 162 178 313 537
1042 2 2 1 162 351 100 415
1043 2 2 1 162 417 103 465
1044 2 2 1 162 141 307 561
1045 2 2 1 162 236 360 562
1046 2 2 1 162 358 76 510
1047 2 2 1 162 312 186 568
1048 2 2 1 162 79 80 548
1049 2 2 1 162 94 313 547
1050 2 2 1 162 124 466 546
1051 2 2 1 162 339 164 427
1052 2 2 1 162 24 343 434
1053 2 2 1 162 223 440 487
1054 2 2 1 162 178 310 488
1055 2 2 1 162 201 394 406
1056 2 2 1 162 168 351 415
1057 2 2 1 162 351 165 564
1058 2 2 1 162 217 325 504
1059 2 2 1 162 353 27 447
1060 2 2 1 162 222 451 481
1061 2 2 1 162 80 431 548
1062 2 2 1 162 167 313 491
1063 2 2 1 162 313 178 511
1064 2 2 1 162 343 164 434
1065 2 2 1 162 310 178 537
1066 2 2 1 162 262 512 575
1067 2 2 1 162 375 7 429
1068 2 2 1 162 45 329 534
1069 2 2 1 162 512 185 575
1070 2 2 1 162 325 247 504
1071 2 2 1 162 319 457 566
1072 2 2 1 162 373 168 415
1073 2 2 1 162 341 10 492
1074 2 2 1 162 371 205 469
1075 2 2 1 162 360 113 562
1076 2 2 1 162 386 268 441
1077 2 2 1 162 244 502 572
1078 2 2 1 162 342 172 525
1079 2 2 1 162 33 363 471
1080 2 2 1 162 483 114 503
1081 2 2 1 162 115 371 469
1082 2 2 1 162 97 399 555
1083 2 2 1 162 374 156 562
1084 2 2 1 162 189 341 492
1085 2 2 1 162 329 199 534
1086 2 2 1 162 189 331 484
1087 2 2 1 162 156 374 481
1088 2 2 1 162 167 350 521
1089 2 2 1 162 231 390 490
1090 2 2 1 162 97 409 559
1091 2 2 1 162 468 232 565
1092 2 2 1 162 354 214 539
1093 2 2 1 162 409 97 555
1094 2 2 1 162 108 361 484
1095 2 2 1 162 330 240 520
1096 2 2 1 162 361 189 484
1097 2 2 1 162 235 373 415
1098 2 2 1 162 428 79 548
1099 2 2 1 162 331 189 492
1100 2 2 1 162 342 112 474
1101 2 2 1 162 142 319 566
1102 2 2 1 162 30 354 539
1103 2 2 1 162 338 85 477
1104 2 2 1 162 329 141 576
1105 2 2 1 162 174 375 429
1106 2 2 1 162 407 67 538
1107 2 2 1 162 234 428 548
1108 2 2 1 162 15 401 553
1109 2 2 1 162 502 200 572
1110 2 2 1 162 348 118 550
1111 2 2 1 162 164 343 472
1112 2 2 1 162 341 189 482
1113 2 2 1 162 195 348 550
1114 2 2 1 162 187 353 447
1115 2 2 1 162 376 59 440
1116 2 2 1 162 395 88 470
1117 2 2 1 162 218 407 538
1118 2 2 1 162 412 270 574
1119 2 2 1 162 352 178 488
1120 2 2 1 162 400 195 565
1121 2 2 1 162 450 265 529
1122 2 2 1 162 415 100 571
1123 2 2 1 162 438 188 490
1124 2 2 1 162 401 219 553
1125 2 2 1 162 395 191 569
1126 2 2 1 162 438 102 509
1127 2 2 1 162 112 342 525
1128 2 2 1 162 85 349 557
1129 2 2 1 162 199 329 576
1130 2 2 1 162 350 108 521
1131 2 2 1 162 113 360 524
1132 2 2 1 162 418 257 564
1133 2 2 1 162 371 171 460
1134 2 2 1 162 403 216 530
1135 2 2 1 162 505 99 512
1136 2 2 1 162 207 465 566
1137 2 2 1 162 262 505 512
1138 2 2 1 162 165 418 564
1139 2 2 1 162 191 395 470
1140 2 2 1 162 90 419 479
1141 2 2 1 162 235 415 571
1142 2 2 1 162 256 549 552
1143 2 2 1 162 81 366 517
1144 2 2 1 162 419 231 479
1145 2 2 1 162 353 187 496
1146 2 2 1 162 360 276 524
1147 2 2 1 162 349 183 557
1148 2 2 1 162 190 358 510
1149 2 2 1 162 116 355 549
1150 2 2 1 162 227 489 526
1151 2 2 1 162 185 355 575
1152 2 2 1 162 366 182 517
1153 2 2 1 162 208 452 514
1154 2 2 1 162 370 169 574
1155 2 2 1 162 100 351 564
1156 2 2 1 162 489 92 526
1157 2 2 1 162 359 104 573
1158 2 2 1 162 206 464 540
1159 2 2 1 162 141 346 576
1160 2 2 1 162 364 85 557
1161 2 2 1 162 385 181 483
1162 2 2 1 162 355 116 575
1163 2 2 1 162 549 192 552
1164 2 2 1 162 207 417 465
1165 2 2 1 162 390 149 490
1166 2 2 1 162 196 469 480
1167 2 2 1 162 355 192 549
1168 2 2 1 162 399 158 555
1169 2 2 1 162 193 368 523
1170 2 2 1 162 202 359 573
1171 2 2 1 162 176 359 527
1172 2 2 1 162 277 372 519
1173 2 2 1 162 366 195 550
1174 2 2 1 162 469 205 480
1175 2 2 1 162 393 161 519
1176 2 2 1 162 113 374 562
1177 2 2 1 162 387 176 508
1178 2 2 1 162 169 412 574
1179 2 2 1 162 356 203 559
1180 2 2 1 162 203 356 563
1181 2 2 1 162 104 370 574
1182 2 2 1 162 103 389 513
1183 2 2 1 162 119 412 520
1184 2 2 1 162 114 486 503
1185 2 2 1 162 132 451 570
1186 2 2 1 162 486 205 522
1187 2 2 1 162 507 84 544
1188 2 2 1 162 486 204 503
1189 2 2 1 162 469 196 495
1190 2 2 1 162 114 480 486
1191 2 2 1 162 508 310 537
1192 2 2 1 162 536 244 572
1193 2 2 1 162 493 113 524
1194 2 2 1 162 89 536 572
1195 2 2 1 162 515 132 570
1196 2 2 1 162 94 508 537
1197 2 2 1 162 186 411 568
1198 2 2 1 162 252 407 546
1199 2 2 1 162 396 89 572
1200 2 2 1 162 217 409 555
1201 2 2 1 162 407 218 546
1202 2 2 1 162 493 198 503
1203 2 2 1 162 451 222 570
1204 2 2 1 162 115 469 495
1205 2 2 1 162 200 396 572
1206 2 2 1 162 236 507 544
1207 2 2 1 162 480 205 486
1208 2 2 1 162 188 438 509
1209 2 2 1 162 90 453 541
1210 2 2 1 162 457 207 566
1211 2 2 1 162 204 493 503
1212 2 2 1 162 197 459 514
1213 2 2 1 162 184 450 529
1214 2 2 1 162 452 197 514
1215 2 2 1 162 249 515 570
1216 2 2 1 162 203 426 559
1217 2 2 1 162 426 97 559
1218 2 2 1 162 501 87 532
1219 2 2 1 162 218 531 546
1220 2 2 1 162 453 194 541
1221 2 2 1 162 204 486 522
1222 2 2 1 162 459 86 514
1223 2 2 1 162 491 313 511
1224 2 2 1 162 211 501 532
1225 2 2 1 162 500 229 533
1226 2 2 1 162 184 442 554
1227 2 2 1 162 50 439 558
1228 2 2 1 162 202 500 533
1229 2 2 1 162 531 124 546
1230 2 2 1 162 198 493 524
1231 2 2 1 162 117 491 511
1232 2 2 1 162 195 468 565
$EndElements
