$MeshFormat
2.2 0 8
$EndMeshFormat
$Nodes
910
1 1.779857692063745 0.02249967900926931 0
2 1.777720327645198 0.09002423840548723 0
3 1.773451457175408 0.1524820026319305 0
4 1.767062781331607 0.2141171077445048 0
5 1.758571811030212 0.2752137417680158 0
6 1.74800181943062 0.3357751356736984 0
7 1.735381778145092 0.3957426382246564 0
8 1.720746277829586 0.4550383535713153 0
9 1.704135433373163 0.5135777156049708 0
10 1.685594773945874 0.5712742516013635 0
11 1.665175118206464 0.6280417520260586 0
12 1.642932435011961 0.6837954199908223 0
13 1.618927690010932 0.7384525624906262 0
14 1.593226678540874 0.7919330500717844 0
15 1.565899845287773 0.8441596445806788 0
16 1.537022091202109 0.8950582412754295 0
17 1.506672568200564 0.9445580470851763 0
18 1.474934462216115 0.9925917045851689 0
19 1.441894765191177 1.039095364596383 0
20 1.407644036638735 1.084008706272342 0
21 1.372276155425011 1.127274900720013 0
22 1.335888062454021 1.168840511916589 0
23 1.298579494959293 1.20865532654311 0
24 1.260452713131043 1.246672102119068 0
25 1.221612219828104 1.282846220316656 0
26 1.182164474142847 1.317135229413684 0
27 1.142217599604219 1.349498256371157 0
28 1.101881087818654 1.379895264850683 0
29 1.061265498361202 1.408286130462843 0
30 1.02048215573941 1.434629498494157 0
31 0.9796428442605898 1.458881382125171 0
32 0.9388595016387979 1.480993450562499 0
33 0.8982439121813461 1.500910946437829 0
34 0.8579074003957816 1.518570160239389 0
35 0.817960525857153 1.533895376572049 0
36 0.7785127801718963 1.546795193139477 0
37 0.7396722868689566 1.557158099486204 0
38 0.7015455050407072 1.564847190581924 0
39 0.6642369375459791 1.569693883509705 0
40 0.6278488445749891 1.571490509194017 0
41 0.5924809633612652 1.569981673800117 0
42 0.5582302348088227 1.564854339227114 0
43 0.5251905377838848 1.555726678308015 0
44 0.4934524317994362 1.542135945209568 0
45 0.463102908797891 1.523525901548077 0
46 0.4342251547122277 1.499234798760188 0
47 0.4068983214591259 1.468485585225312 0
48 0.3811973099890685 1.430380919351881 0
49 0.3571925649880389 1.383906723817085 0
50 0.334949881793536 1.327949316695518 0
51 0.3145302260541257 1.261332341273264 0
52 0.295989566626837 1.182880272810824 0
53 0.2793787221704144 1.091514381119352 0
54 0.2647432218549076 0.98638360073753 0
55 0.2521231805693802 0.867025813702348 0
56 0.2415531889697874 0.7335443689786745 0
57 0.2330622186683927 0.5867717975949626 0
58 0.226673542824592 0.4283817173176301 0
59 0.2224046723548019 0.2609070601722511 0
60 0.2202673079362544 0.08763385064156888 0
61 0.2202673079362544 -0.08763385064156888 0
62 0.2224046723548019 -0.2609070601722511 0
63 0.226673542824592 -0.4283817173176301 0
64 0.2330622186683927 -0.5867717975949626 0
65 0.2415531889697874 -0.7335443689786745 0
66 0.2521231805693802 -0.867025813702348 0
67 0.2647432218549076 -0.98638360073753 0
68 0.2793787221704144 -1.091514381119352 0
69 0.295989566626837 -1.182880272810824 0
70 0.3145302260541257 -1.261332341273264 0
71 0.334949881793536 -1.327949316695518 0
72 0.3571925649880389 -1.383906723817085 0
73 0.3811973099890685 -1.430380919351881 0
74 0.4068983214591259 -1.468485585225312 0
75 0.4342251547122277 -1.499234798760188 0
76 0.463102908797891 -1.523525901548077 0
77 0.4934524317994362 -1.542135945209568 0
78 0.5251905377838848 -1.555726678308015 0
79 0.5582302348088227 -1.564854339227114 0
80 0.5924809633612652 -1.569981673800117 0
81 0.6278488445749891 -1.571490509194017 0
82 0.6642369375459791 -1.569693883509705 0
83 0.7015455050407072 -1.564847190581924 0
84 0.7396722868689566 -1.557158099486204 0
85 0.7785127801718963 -1.546795193139477 0
86 0.817960525857153 -1.533895376572049 0
87 0.8579074003957816 -1.518570160239389 0
88 0.8982439121813461 -1.500910946437829 0
89 0.9388595016387979 -1.480993450562499 0
90 0.9796428442605898 -1.458881382125171 0
91 1.02048215573941 -1.434629498494157 0
92 1.061265498361202 -1.408286130462843 0
93 1.101881087818654 -1.379895264850683 0
94 1.142217599604219 -1.349498256371157 0
95 1.182164474142847 -1.317135229413684 0
96 1.221612219828104 -1.282846220316656 0
97 1.260452713131043 -1.246672102119068 0
98 1.298579494959293 -1.20865532654311 0
99 1.335888062454021 -1.168840511916589 0
100 1.372276155425011 -1.127274900720013 0
101 1.407644036638735 -1.084008706272342 0
102 1.441894765191177 -1.039095364596383 0
103 1.474934462216115 -0.9925917045851689 0
104 1.506672568200564 -0.9445580470851763 0
105 1.537022091202109 -0.8950582412754295 0
106 1.565899845287773 -0.8441596445806788 0
107 1.593226678540874 -0.7919330500717844 0
108 1.618927690010932 -0.7384525624906262 0
109 1.642932435011961 -0.6837954199908223 0
110 1.665175118206464 -0.6280417520260586 0
111 1.685594773945874 -0.5712742516013635 0
112 1.704135433373163 -0.5135777156049708 0
113 1.720746277829586 -0.4550383535713153 0
114 1.735381778145092 -0.3957426382246564 0
115 1.74800181943062 -0.3357751356736984 0
116 1.758571811030212 -0.2752137417680158 0
117 1.767062781331607 -0.2141171077445048 0
118 1.773451457175408 -0.1524820026319305 0
119 1.777720327645198 -0.09002423840548723 0
120 1.779857692063745 -0.02249967900926931 0
121 0.962490263142351 -0.009270331075967813 0
122 0.9369885224583099 0.6462856638360414 0
123 0.9226730762055165 -0.6373769388455096 0
124 0.7227160749135304 1.137818812232382 0
125 0.7227160749135321 -1.137818812232379 0
126 1.273071451470785 -0.3603336695918541 0
127 1.390771602965751 0.02036835017460413 0
128 1.287509560478553 0.4171805003156676 0
129 1.012628532516444 1.031137762423954 0
130 1.012628532516445 -1.031137762423954 0
131 1.232148544355443 -0.7914651215940599 0
132 1.228894616204176 0.7923231166612691 0
133 0.6071920577664608 -1.326082664950686 0
134 0.6071920577664598 1.326082664950687 0
135 0.8002749762924388 1.331129547573124 0
136 0.8002749762924389 -1.331129547573125 0
137 1.401257836615964 -0.6102547733437305 0
138 1.519693142731754 0.2844053096357214 0
139 0.9771610304808886 -1.23591455300025 0
140 0.9771610304808895 1.235914553000249 0
141 0.6021574315764552 0.7842580002724487 0
142 0.6021574315764544 -0.7842580002724469 0
143 1.51900093937693 -0.2069898131960478 0
144 1.414562100449855 0.6160978424496596 0
145 0.6585258929147031 0.2746183312226877 0
146 0.6930658758626855 -0.2691941696378335 0
147 1.591813831995752 -0.0003113731863346464 0
148 1.509547784438173 -0.4267360842064463 0
149 1.211544167527765 1.023274653340804 0
150 1.211544167527765 -1.023274653340805 0
151 0.982404709773417 0.3258153340802718 0
152 0.6968237390109888 -1.432668030088377 0
153 0.6968237390109898 1.432668030088378 0
154 0.4898776448051421 -1.170565346718931 0
155 0.4898776448051418 1.170565346718935 0
156 1.167945043825568 -0.568335927398198 0
157 0.9665423667692292 -0.3307638329348807 0
158 1.199155154749843 0.1673908048707033 0
159 0.8166773808566052 -0.8883710401352916 0
160 0.8166773808566022 0.88837104013529 0
161 0.5726092233171181 -1.448444963382234 0
162 0.5726092233171177 1.448444963382236 0
163 1.520107411433163 0.451332061797796 0
164 1.405140897945381 0.7865929998118185 0
165 1.40605737036817 -0.7868205089972459 0
166 1.198740920604094 -0.1350570768540607 0
167 1.157634287428899 0.5877066399844719 0
168 1.116198769056276 1.152083686926288 0
169 1.116198769056275 -1.15208368692629 0
170 1.333103077584965 -0.9288485871522023 0
171 1.333002793846126 0.928817729996564 0
172 0.4803261194510325 -1.354089638481303 0
173 0.4803261194510315 1.354089638481305 0
174 1.028238902355834 -0.8231716005888471 0
175 1.016974302846807 0.8155299516629235 0
176 1.605181422141418 0.1547092221238992 0
177 0.8732874158885336 1.101984774720109 0
178 0.8732874158885352 -1.101984774720109 0
179 0.7044623808041486 -0.005322074714283404 0
180 0.704198221677017 0.571271263575386 0
181 0.7041927520647003 -0.5715921389802333 0
182 0.9093746942703822 1.372054685553062 0
183 0.9093746942703819 -1.372054685553062 0
184 0.5831332280441586 0.975590677168264 0
185 0.5831332280441606 -0.9755906771682613 0
186 0.7983768992859146 1.441033042077156 0
187 0.7983768992859146 -1.441033042077157 0
188 1.644482890873598 -0.1405824350428507 0
189 1.564411521544106 -0.5470628437107683 0
190 1.619715196174078 -0.3376319664449369 0
191 1.612220327837144 0.3385118741640856 0
192 1.365508723045049 0.1632786366406325 0
193 1.361343654043416 -0.1644515792116936 0
194 0.7068556193927862 -1.251033996589784 0
195 0.7068556193927853 1.251033996589786 0
196 0.6471661107494046 1.491182316819995 0
197 0.6471661107494056 -1.491182316819995 0
198 1.49323814390975 0.1045577267566228 0
199 1.533727373489229 0.6100836950832813 0
200 0.4963770806357813 -1.45465811303356 0
201 0.4963770806357805 1.454658113033561 0
202 1.061516547396014 1.284370374097106 0
203 1.061516547396014 -1.284370374097106 0
204 1.489395656510411 -0.7174519129738726 0
205 0.8109210339869453 -1.210513791332697 0
206 0.8109210339869433 1.210513791332697 0
207 0.4628797838494531 -0.601983063093236 0
208 0.4628797838494533 0.6019830630932396 0
209 1.686255895315964 0.005656511191186493 0
210 1.421775191888656 -0.3116182455454157 0
211 0.8582476379836717 0.1563069142951221 0
212 0.4290883423761709 1.262655646323551 0
213 0.4290883423761704 -1.262655646323552 0
214 1.122023546486047 0.4210183134018353 0
215 1.28702603103129 0.6511277453680286 0
216 0.7819571900019169 0.7296239907438441 0
217 0.7819571900019172 -0.7296239907438444 0
218 1.381611422000604 -0.469481400066551 0
219 1.151746890943617 -0.907258435770037 0
220 1.152509591874079 0.9079005210974229 0
221 0.8435945479253679 -0.1621445556769586 0
222 1.489300050730224 -0.08442813395037277 0
223 1.5084242487496 0.7182639294223754 0
224 1.417849254055987 0.3741065757024548 0
225 0.9930928477008703 -1.345564408436248 0
226 0.9930928477008707 1.345564408436248 0
227 1.263699044950012 0.004484000628523711 0
228 1.124696917438161 -0.4047767763891851 0
229 1.220507270691991 1.1321881886169 0
230 1.22050727069199 -1.132188188616901 0
231 0.4275276788753907 -1.003613117288351 0
232 0.4275276788753904 1.003613117288354 0
233 1.121726363132878 -0.7082220747687517 0
234 0.4709226353758722 0.1182732855241739 0
235 1.271996781355546 -0.6633633162110331 0
236 0.8695343886821456 0.4688858602835546 0
237 0.5075390030163063 -0.127049528403304 0
238 1.403980084330947 0.4874862827959985 0
239 0.6070243854636177 -1.230557999707944 0
240 0.6070243854636168 1.230557999707947 0
241 1.312978677057957 -1.042713466102732 0
242 1.312978677057957 1.042713466102732 0
243 0.8607193965961725 -0.4760816440480338 0
244 1.65586261969489 -0.2384824045668416 0
245 0.7401081525092017 -1.487948226396755 0
246 0.7401081525092019 1.487948226396755 0
247 0.4339545060878474 0.8205664286484944 0
248 0.433954506087846 -0.8205664286484913 0
249 1.613105565667333 -0.456121136186699 0
250 1.13116144994633 0.732431478726962 0
251 1.320050809400289 0.281974573939314 0
252 1.010083562847425 1.13484249542141 0
253 1.010083562847425 -1.134842495421411 0
254 0.8833596077948486 1.284927553836103 0
255 0.8833596077948482 -1.284927553836104 0
256 1.041523235178493 0.1632990775290355 0
257 0.4631010746012155 0.364480331826908 0
258 0.4636466201801979 -0.3639325840882593 0
259 1.037619839102244 -0.1651256608395027 0
260 0.5863504068971797 -1.510534973197079 0
261 0.5863504068971814 1.510534973197078 0
262 0.7102394771113725 -1.355249155218259 0
263 0.7102394771113723 1.35524915521826 0
264 0.9361746596928346 0.9274980983481691 0
265 0.9361746596928369 -0.9274980983481719 0
266 1.019754532394192 -0.5289115328972063 0
267 1.290615570094647 0.541462752808421 0
268 1.598884657321353 0.5166772110886333 0
269 1.017194275774916 0.5229927375024421 0
270 1.426394046970935 0.8835334817240901 0
271 1.425400875049756 -0.8843575524959443 0
272 1.659849782563134 0.2477972900423055 0
273 0.7575865643744711 -1.023523286243449 0
274 0.7575865643744676 1.023523286243452 0
275 1.170190665880537 -0.274587321878327 0
276 0.9064573627315743 -0.7901573604444934 0
277 0.9029712593865425 0.7907857125256756 0
278 1.156730535789033 1.230425898348588 0
279 1.156730535789033 -1.230425898348588 0
280 1.684992535219636 0.09275589422268354 0
281 0.5302533560984736 -1.289013307599397 0
282 0.530253356098473 1.289013307599399 0
283 1.182762938451104 0.3010900109749338 0
284 1.114938541400168 1.052786025351122 0
285 1.114938541400168 -1.052786025351123 0
286 0.5305852984326277 -1.500006074919158 0
287 0.5305852984326295 1.500006074919156 0
288 0.444502918775443 1.41540206076594 0
289 0.4445029187754422 -1.415402060765941 0
290 0.6316596670095065 1.401595864937345 0
291 0.6316596670095062 -1.401595864937344 0
292 0.6039776456532884 -1.116554646704871 0
293 0.6039776456532868 1.116554646704875 0
294 1.247437065695299 -0.4746930656537151 0
295 0.8739489528844882 -1.442351367511192 0
296 0.8739489528844891 1.442351367511193 0
297 1.236101996856736 0.9286514221385082 0
298 1.236101996856736 -0.9286514221385077 0
299 1.63391634683833 0.4271060725965867 0
300 1.56027089525665 -0.6456976453683769 0
301 0.8092085076549531 0.3141029629348813 0
302 1.518364040979836 0.3528670292959336 0
303 0.4096499568331591 -1.150385871928093 0
304 0.4096499568331593 1.150385871928095 0
305 0.7469755407844869 1.386112501754219 0
306 0.746975540784488 -1.386112501754219 0
307 0.5524358531206137 1.380953184754953 0
308 0.5524358531206155 -1.380953184754953 0
309 1.120000749174802 0.03698007380614235 0
310 1.324442914651131 0.8285683046848882 0
311 0.6826337869250364 -0.8717400213980411 0
312 0.6826337869250348 0.8717400213980445 0
313 1.324433926555295 -0.8270658611980719 0
314 1.456065290205434 -0.5273158209603396 0
315 1.482919029878691 -0.8197602928233486 0
316 1.517866285358263 -0.3100116030438507 0
317 0.7883609832520951 -0.328826661238197 0
318 1.491590846463213 0.806325137540205 0
319 0.8964095549458889 1.198224169526586 0
320 0.8964095549458898 -1.198224169526589 0
321 1.493473217851439 0.5411894770405558 0
322 1.363935732853252 0.7034813800912694 0
323 1.046813143169525 0.9303009403409732 0
324 1.046813143169526 -0.930300940340975 0
325 1.498706174770973 -0.003373467723530798 0
326 1.697933522335704 -0.07964187310853701 0
327 1.282703808295237 -0.2462605720677208 0
328 1.396990855988049 0.9748763089949117 0
329 1.397075727616238 -0.9748114440547435 0
330 0.4145264508046156 -1.351173103566847 0
331 0.4145264508046154 1.351173103566845 0
332 1.361951675567907 -0.6984461029883305 0
333 1.322396201140079 -0.07732899359982413 0
334 1.05573909848331 1.207162367506848 0
335 1.055739098483309 -1.207162367506849 0
336 0.6922376803811078 1.50521327288822 0
337 0.6922376803811078 -1.50521327288822 0
338 0.8766393450805166 1.000438970540452 0
339 0.8766393450805199 -1.000438970540454 0
340 1.318848520300068 -0.5718267881260531 0
341 1.710858777363989 0.1779394102550432 0
342 1.047461612901729 0.6329277678099753 0
343 1.531255971222864 0.1727459340861116 0
344 1.119341615340803 -0.8149982273199923 0
345 0.6925253539376476 -1.028057648420221 0
346 0.6925253539376441 1.028057648420225 0
347 1.617722945235722 0.07816544528175305 0
348 0.8510620005452089 0.009355839264618684 0
349 0.8144654615039273 0.6150624685823521 0
350 0.8080408101106444 -0.6182737509156878 0
351 1.287399332337892 1.103115631408914 0
352 1.287399332337892 -1.103115631408914 0
353 1.212113854466682 1.189164326869053 0
354 1.212113854466681 -1.189164326869054 0
355 1.481201122198209 -0.6044507065762854 0
356 1.33099807713608 0.07289510620473855 0
357 1.401890655094155 0.2453059851681615 0
358 1.009508007213817 -0.6967117718057051 0
359 0.8347628090794414 1.373601062287594 0
360 0.8347628090794399 -1.373601062287595 0
361 1.57889543185178 -0.07458217090115542 0
362 0.5224844569011398 1.044081404186034 0
363 0.5224844569011415 -1.044081404186031 0
364 1.701410359125124 -0.178471877241087 0
365 0.5744523849182502 -0.4339127084938875 0
366 0.5734256900023058 0.4332079647784232 0
367 0.6606796190045647 0.6694064084816032 0
368 0.6606796190045628 -0.6694064084816009 0
369 0.9626002439966048 -1.390566807215819 0
370 0.9626002439966052 1.390566807215819 0
371 1.105588888772707 -0.0510952366646753 0
372 0.7946897991130951 1.130971620380258 0
373 0.7946897991130971 -1.130971620380258 0
374 0.9360719669572402 1.315495405465786 0
375 0.936071966957239 -1.315495405465787 0
376 0.954524880211727 1.076359093932115 0
377 0.9545248802117277 -1.076359093932115 0
378 1.206304586571542 0.4672025978127403 0
379 0.688982030689936 0.1606920463629453 0
380 1.150728482673066 0.8156500416166913 0
381 0.7132924019425964 -0.1474924289672199 0
382 1.58768482776225 0.2640699682908332 0
383 0.7410384994720126 0.4201899607604029 0
384 0.7884448551662272 -1.486549073191687 0
385 0.7884448551662272 1.486549073191687 0
386 1.433827379568478 -0.2143938075535723 0
387 1.627024140961281 -0.5200467411706297 0
388 0.7706017557481596 -1.265957536284061 0
389 0.7706017557481583 1.265957536284062 0
390 1.660699917503259 -0.4037139209560922 0
391 1.571586255271262 0.6850609207061494 0
392 1.649466619114107 -0.03544467771177454 0
393 0.9970963890552235 0.7239318118470099 0
394 1.4258741043669 -0.4017661909094689 0
395 1.053531785036853 -0.6238200728117279 0
396 1.143969286691326 -0.9870764498537764 0
397 1.144615274410541 0.9887070521649403 0
398 1.050835233194796 1.358423141187341 0
399 1.050835233194796 -1.358423141187341 0
400 0.6590327792920144 -1.180723028055791 0
401 0.6590327792920132 1.180723028055794 0
402 1.580138606052004 -0.2677530730469396 0
403 1.407545794531072 -0.08719976731151169 0
404 1.68681709029811 -0.2990359936706052 0
405 1.300696737840519 0.7551811683206182 0
406 1.724558418947026 0.04700559150075398 0
407 1.612202365085406 0.5780992762553269 0
408 0.5280334195276702 -0.8812392329351032 0
409 0.5280334195276704 0.8812392329351061 0
410 1.300401358702066 -0.7528413451858978 0
411 0.766919432253219 -0.4262374901664457 0
412 1.200755722444884 0.7160533809895191 0
413 1.080663648067937 0.2681386486407927 0
414 1.44574494597973 0.16499284183097 0
415 0.6301752111147743 -1.287191281719505 0
416 0.6301752111147734 1.287191281719508 0
417 1.129740881038638 1.28908056658045 0
418 1.129740881038638 -1.289080566580449 0
419 1.59752540349664 -0.1888944735242595 0
420 0.386939106387328 0.7116440618269914 0
421 0.3869391063873276 -0.711644061826989 0
422 1.413836818738295 0.09570086110602545 0
423 1.678128736450059 0.3152532821700975 0
424 0.7446301395631576 -1.197621444869501 0
425 0.7446301395631562 1.197621444869504 0
426 1.43949157561211 0.6833264225972131 0
427 0.3562517893225778 -0.9153715774554263 0
428 0.3562517893225792 0.9153715774554291 0
429 1.202489769737365 -0.7151793819369011 0
430 0.6197917993872935 -1.52996969656913 0
431 0.6197917993872898 1.52996969656913 0
432 1.334095764751016 0.6014906504462022 0
433 1.000730672837099 1.2877115911887 0
434 1.000730672837098 -1.287711591188699 0
435 1.286627741661731 0.9737399831788819 0
436 1.285629130080498 0.1967480936580411 0
437 1.286635482292335 -0.9737744902371159 0
438 0.8327606472733003 1.463508150776341 0
439 0.8327606472732993 -1.46350815077634 0
440 1.605839611174014 -0.595971328491877 0
441 0.3702338922148051 -0.01367477513573981 0
442 0.4833000016416884 -1.244808940592442 0
443 0.4833000016416886 1.244808940592443 0
444 1.440147161150946 -0.6722913207389751 0
445 0.6145392362074222 -1.452192748038217 0
446 0.6145392362074237 1.452192748038218 0
447 0.4949437062745096 -0.7260387197888122 0
448 0.4949437062745101 0.726038719788817 0
449 1.383771330375003 1.028701266504629 0
450 1.383783454893316 -1.028692000084605 0
451 1.026438079570114 0.4296578419978066 0
452 1.529952305298533 -0.7736566817945014 0
453 1.057261604172939 -0.2709917311971908 0
454 1.158188977757848 1.110084489858092 0
455 1.158188977757848 -1.110084489858095 0
456 0.93762734924291 -1.146330925252657 0
457 0.9376273492429107 1.146330925252657 0
458 0.3771521383450877 -0.2219935963830579 0
459 0.9668415672371578 -0.4445866763925417 0
460 0.9281372432163514 -1.428447419092766 0
461 0.928137243216352 1.428447419092767 0
462 1.5818937822275 -0.4057986233357489 0
463 1.562275733396258 -0.4810634935291002 0
464 1.541239873410186 -0.1392441467211765 0
465 1.480158292063427 -0.1577698875618529 0
466 0.4549599739280711 -1.459011910646046 0
467 0.4549599739280715 1.459011910646046 0
468 1.076948109689309 -1.106927340415304 0
469 1.076948109689308 1.106927340415303 0
470 0.7453259319147632 1.434278863522241 0
471 0.7453259319147627 -1.434278863522242 0
472 0.7568428768217549 0.8256799821111857 0
473 0.7568428768217561 -0.8256799821111829 0
474 0.3644781509356291 0.4853944335869207 0
475 0.3644453357286322 -0.4849286068446709 0
476 1.446005790949021 0.4377220836837613 0
477 1.567341341131212 0.3954735543863133 0
478 0.5330129193647 1.423638742143855 0
479 0.5330129193647026 -1.423638742143855 0
480 0.9684265522132876 0.2183497456055576 0
481 1.208899399756112 0.3838545154092277 0
482 0.4941216346798263 -1.495645784721169 0
483 0.4941216346798269 1.495645784721169 0
484 1.734582697059796 -0.006024711868091833 0
485 1.537578223215962 0.04524375899896706 0
486 1.443707925141525 -0.9443103510899529 0
487 0.3686970261259531 -1.077084989962331 0
488 0.3686970261259526 1.077084989962333 0
489 0.5240846272619183 0.2459595799479729 0
490 0.3922109108061943 0.2407039086562169 0
491 0.8662345891598658 -1.336250014487254 0
492 0.8662345891598663 1.336250014487254 0
493 0.9481234630868729 1.00729768425166 0
494 0.9481234630868751 -1.007297684251661 0
495 0.9499472239413529 0.100989528613227 0
496 1.483167243714589 0.8632496034705319 0
497 0.9577577661342478 -0.2203828744205992 0
498 0.5596565597391581 0.01020705133503911 0
499 0.5872132703895805 0.5628663035011259 0
500 0.5874090389195485 -0.5630647455004559 0
501 0.480065579295437 1.300073548031732 0
502 0.4800655792954376 -1.300073548031731 0
503 1.444759426666044 0.9444890126592242 0
504 0.9476133152288357 -0.1084285056912385 0
505 1.370229545787461 0.4248654648730183 0
506 1.563485202858943 -0.7085892559727764 0
507 1.671633519987509 0.3749196212872834 0
508 1.246752032008329 0.5953168013783628 0
509 0.6601481249342106 1.531156741313109 0
510 0.6601481249342133 -1.53115674131311 0
511 0.4839335305796028 -1.409687652634189 0
512 0.4839335305796019 1.409687652634192 0
513 1.220048410588975 0.8609524645370552 0
514 0.7443952654975881 1.316946203392386 0
515 0.7443952654975892 -1.316946203392386 0
516 0.5090364604000865 -0.2497238039156718 0
517 1.2079764498571 -0.8523473679602969 0
518 0.5505996880160653 1.52834793687586 0
519 0.5505996880160642 -1.528347936875862 0
520 1.115281562325588 0.5055672183090172 0
521 0.7231019237363012 -0.9610482891670745 0
522 0.7231019237362966 0.9610482891670786 0
523 1.209971186780866 -0.4089819459478288 0
524 1.165484942313095 -0.4853060932423083 0
525 1.364057582672585 -0.2492670309968924 0
526 1.24390787486448 1.074199998496086 0
527 1.243907874864479 -1.074199998496087 0
528 1.557758340391331 0.5481478586624657 0
529 1.13469611271402 -0.1966504707517214 0
530 0.9353626585504268 -0.5376895804407119 0
531 1.092195904340364 -1.238907318468267 0
532 1.092195904340364 1.238907318468268 0
533 0.4577043088271401 1.091561100673165 0
534 0.4577043088271409 -1.091561100673162 0
535 0.8643635257139066 -0.7106169249637931 0
536 0.8648755096811088 0.7096423254778353 0
537 0.9094174052040561 0.5478158143881526 0
538 1.556995341145143 0.1110844174494707 0
539 1.477077070569452 0.6335741922151079 0
540 1.273881468154614 1.162024461506141 0
541 1.273308647918066 -0.1558278922521716 0
542 1.273881468154613 -1.162024461506141 0
543 1.738109601518256 -0.04994388788334325 0
544 0.679439766814608 -1.470116162325693 0
545 0.6794397668146098 1.470116162325693 0
546 1.359436097721177 -0.3618661900714549 0
547 1.249142519975299 0.1002085080188066 0
548 0.6752611108933075 -1.390876662396407 0
549 0.6752611108933084 1.390876662396409 0
550 0.3855132861179452 1.301578559604603 0
551 0.3855132861179456 -1.301578559604605 0
552 1.477913618343628 -0.8814928714010326 0
553 1.638473321132958 0.029463652423799 0
554 1.343294905855948 0.3585524622837133 0
555 1.557765794104945 0.7492304463403988 0
556 1.386259342749661 -0.5407651971364527 0
557 1.45626027276787 0.7534680187774738 0
558 1.284411654845077 0.8857410348695601 0
559 0.8297935137765694 1.278099278468291 0
560 0.8297935137765704 -1.278099278468292 0
561 0.3726681669624903 -1.21959097889881 0
562 0.3726681669624907 1.219590978898811 0
563 1.012499094451928 -1.393625791886801 0
564 1.012499094451929 1.393625791886801 0
565 1.288599779416292 -0.8887378864934498 0
566 1.459776399269844 -0.7693745605372593 0
567 1.198731187597457 -0.634896854455188 0
568 1.335367538314338 -0.6337428848418629 0
569 1.07507875229775 0.9999349353541737 0
570 1.075031668644746 -0.9998160867892204 0
571 1.653612085983294 0.4759043579976336 0
572 1.461179119417996 0.3162290034281238 0
573 1.362285927401168 0.8765739363385996 0
574 0.5007820684643796 -0.9635298294031799 0
575 0.500782068464379 0.9635298294031828 0
576 0.8492457947262281 1.158658249572056 0
577 0.8492457947262294 -1.158658249572055 0
578 1.357041530599128 -0.8799750955427923 0
579 1.714000297302454 -0.2378810299314865 0
580 0.5206309873734183 -1.342127115409589 0
581 0.520630987373417 1.342127115409591 0
582 1.344382688787956 0.9824712423192451 0
583 1.344416004582184 -0.9824607625773032 0
584 1.086476577738547 -1.32923456597901 0
585 1.086476577738548 1.32923456597901 0
586 0.9535388926182717 -0.845188190254952 0
587 0.885395754520403 -0.8684187921079967 0
588 0.9501888082204772 0.8443363542584886 0
589 0.8825306136056236 0.8706769752021797 0
590 1.383830157496786 0.5564550458761253 0
591 0.5816655661989858 -1.285913696717309 0
592 0.5816655661989845 1.285913696717311 0
593 1.334383941874967 0.4840014265221955 0
594 1.179197044176606 -0.04168283153886773 0
595 1.308989577609802 -0.4287865983888307 0
596 1.454141844788093 -0.4640788100545948 0
597 1.605124709412864 0.6370162128123277 0
598 1.48291033728476 -0.3661790824672351 0
599 0.7043605538504436 0.7557670214359753 0
600 0.7043605538504434 -0.7557670214359729 0
601 1.711047437750995 0.2333971341940148 0
602 1.264716493011075 0.3343542479405537 0
603 1.350322279338264 1.082120579248818 0
604 0.7588171348061239 -1.521857675536985 0
605 0.7588171348061238 1.521857675536985 0
606 1.35032331033472 -1.082119791287932 0
607 0.5856030841977012 1.40908534548216 0
608 0.5856030841977018 -1.409085345482161 0
609 0.9268965174926087 0.3995459096282801 0
610 1.665142267066924 -0.4696995734979414 0
611 0.5331666466011337 -1.464190220558721 0
612 0.5331666466011334 1.46419022055872 0
613 1.060599735712234 -0.7639622992660706 0
614 1.076589838711113 -0.879302763330021 0
615 1.080565885742084 0.8694496420182442 0
616 1.164164048983839 1.169615718193118 0
617 1.16416404898384 -1.169615718193119 0
618 1.070294997927047 0.3522153552502201 0
619 1.601248264000382 0.2121934537568473 0
620 1.114350618862247 0.1880907076960806 0
621 0.5814906184941249 1.54073772393386 0
622 0.581490618494125 -1.54073772393386 0
623 1.435059058929768 -0.02556400220800852 0
624 0.7860598898753413 -0.0729384507207593 0
625 0.4882077948425987 0.486100454497787 0
626 0.4884556796737264 -0.4860846846740566 0
627 0.7867738905328923 -0.2407212902026395 0
628 0.794067184153692 1.388602537693765 0
629 0.7940671841536936 -1.38860253769377 0
630 1.135997169447576 0.6572056122207196 0
631 1.718581759189529 -0.1192142838009972 0
632 0.405538591175984 1.392311914735062 0
633 0.4055385911759841 -1.392311914735063 0
634 1.586346746908524 0.4586978466411367 0
635 1.442092105016056 0.8209964233414355 0
636 0.9966451298450214 1.187355971089838 0
637 0.9966451298450194 -1.187355971089839 0
638 0.6477239657183376 1.349639488955815 0
639 0.6477239657183385 -1.349639488955812 0
640 1.724478549635869 0.1296443545750427 0
641 1.23810381214878 -0.5509724912870412 0
642 0.9286960555665729 -1.256652317381298 0
643 0.9286960555665731 1.256652317381297 0
644 1.543273172834733 -0.03177667414757637 0
645 0.7740993700904828 0.2261078109696335 0
646 1.12825532666983 -0.6185295285748724 0
647 1.236993113781977 0.252230219601655 0
648 0.3323806044562702 0.8051258559183626 0
649 0.3323806044562693 -0.8051258559183615 0
650 1.541228597614422 0.7985024770538595 0
651 0.7880296282857209 0.5030742935333348 0
652 1.101118028072668 -0.5420668724346863 0
653 1.33502724747582 -0.005289007211556476 0
654 0.5609816921542669 1.487104784847654 0
655 0.5609816921542633 -1.487104784847654 0
656 1.045707509892277 -0.3773410888095311 0
657 0.6062379154939427 1.045794170497121 0
658 0.6062379154939467 -1.045794170497118 0
659 0.5745381052701215 -1.174239643795704 0
660 0.5745381052701205 1.174239643795707 0
661 1.215098382536195 -0.2148885204308769 0
662 0.5894658704746206 1.479757297697423 0
663 0.5894658704746205 -1.479757297697423 0
664 1.074261378377771 0.7761537940321011 0
665 1.699750063733725 -0.3569323324746094 0
666 0.7814096055197197 -0.517581192630056 0
667 0.9502849382312747 1.355920326667729 0
668 0.9502849382312739 -1.355920326667729 0
669 0.8805833244523934 -0.3837731528597009 0
670 0.767106615273204 0.09336392098684414 0
671 1.562509341029082 0.3183406593120449 0
672 0.8246952141626664 -1.051889106801312 0
673 0.8246952141626641 1.051889106801313 0
674 1.506082813256473 -0.6590429491428113 0
675 1.179166462252991 1.272485291216487 0
676 1.179166462252991 -1.272485291216486 0
677 0.3438920394273274 -1.002924859099552 0
678 0.3438920394273275 1.002924859099554 0
679 1.482591260240783 -0.2588284155617018 0
680 0.5871334482561155 0.1483133695792351 0
681 0.6571931360725347 1.439872548577489 0
682 0.6571931360725334 -1.439872548577485 0
683 0.3337736703044866 0.3559734903119854 0
684 0.7502595968784861 -1.080691451311225 0
685 0.7502595968784833 1.080691451311228 0
686 1.458498577931435 0.04496978132433126 0
687 1.238989003674909 -0.297685156009503 0
688 0.7199418100829442 -1.529522295402884 0
689 0.7199418100829442 1.529522295402885 0
690 1.386878018895596 0.9243787332165578 0
691 1.38698763204142 -0.9243801718761795 0
692 1.038128683854352 0.07574598537874518 0
693 1.414085435037646 -0.7303739038533238 0
694 1.343711121126805 0.2228564759796482 0
695 0.447430368603562 -0.9157956595152656 0
696 0.4474303686035624 0.9157956595152685 0
697 1.315648636228878 -0.50138109249203 0
698 1.513551917736761 0.6661213795898615 0
699 1.260338815527714 1.02265403442973 0
700 1.260339921332086 -1.02265896400948 0
701 1.167023212488367 -1.054379240603885 0
702 1.167115496448254 1.054612183791192 0
703 1.650885863141818 0.5311065625095857 0
704 1.196917429242228 0.96898013909272 0
705 1.196917429242229 -0.9689801390927204 0
706 1.433019882827461 -0.8306003383609981 0
707 0.9801786034940638 -0.7741352485786681 0
708 0.3212946643039022 -0.342178123425246 0
709 1.115781539401136 -0.3341686254400162 0
710 1.063700654619896 1.159061297703349 0
711 1.063700654619896 -1.15906129770335 0
712 0.6071520178888528 -0.8997902270895519 0
713 0.607152017888852 0.8997902270895555 0
714 0.6828307540200556 -1.298918716052195 0
715 0.6828307540200549 1.298918716052197 0
716 0.8595855371293154 1.233169661259448 0
717 0.8595855371293157 -1.233169661259451 0
718 0.3450430873175064 0.1203011840574331 0
719 1.389439233553982 0.313941095892972 0
720 1.670400623170261 0.05060941892403521 0
721 1.029176725724042 1.250621832309351 0
722 1.029176725724041 -1.250621832309352 0
723 0.901620678322599 -1.468303305536019 0
724 0.9016206783225993 1.46830330553602 0
725 1.02404505973689 -1.081638068652312 0
726 1.02404505973689 1.081638068652311 0
727 1.360221605139606 0.7759416334199765 0
728 1.199730494935023 0.5346057416122425 0
729 0.4369310025638716 1.207032610362794 0
730 0.436931002563871 -1.207032610362794 0
731 1.067255402254501 -0.461470926372431 0
732 0.5187899181423685 1.524372484006754 0
733 0.5187899181423679 -1.524372484006754 0
734 0.9366361150717757 -0.7217996489276339 0
735 1.610323415834382 -0.6458227674629918 0
736 0.8021385361594898 -0.9659449562996437 0
737 0.8021385361594863 0.9659449562996444 0
738 1.63188574064093 -0.2855900645099468 0
739 1.649820318297563 -0.1866077975937597 0
740 0.6164226718925808 -0.09435751632425265 0
741 0.3544993271675073 0.6016766987230292 0
742 0.360382223213887 -0.5938674200444191 0
743 0.6690121323853478 -1.096134433744239 0
744 0.6690121323853453 1.096134433744242 0
745 0.5689087408620279 0.6716679350250638 0
746 0.5689087408620269 -0.6716679350250592 0
747 1.307819612559231 0.1332825861305547 0
748 0.6491307043376574 -0.9636701722900446 0
749 0.6491307043376546 0.9636701722900481 0
750 0.834309138392258 0.8024633376993349 0
751 0.8352823484410268 -0.8021446817511002 0
752 1.518741378002147 -0.8428255463749983 0
753 1.001997428214992 0.97115979638714 0
754 1.001997428214995 -0.9711597963871433 0
755 0.7137687175917807 -1.462840008318796 0
756 0.7137687175917801 1.462840008318797 0
757 1.356307745902602 -0.7770682077543112 0
758 1.099916529498796 0.9392586181951508 0
759 1.099422926576444 -0.9436010947190818 0
760 0.7382312548638665 -0.6593743875995184 0
761 0.7396120643463 0.6576245942455194 0
762 0.9862490150444326 0.5909951693914332 0
763 1.250610807775478 1.209906873205844 0
764 1.250610807775477 -1.209906873205844 0
765 1.473861730050047 0.4889408055715356 0
766 1.663250046647142 0.1378300055251253 0
767 1.629114588537125 0.2939007198718963 0
768 1.323338855953891 -0.3045051440471401 0
769 1.483615057531893 0.2354137607387577 0
770 0.9521291450817562 0.4740251619218122 0
771 1.558776011358192 -0.3455063191982399 0
772 0.5444431765796715 -1.232516489188621 0
773 0.5444431765796707 1.232516489188624 0
774 1.405010016863644 0.7405620909395503 0
775 1.189848362163151 0.06359466090034074 0
776 1.082827241730215 0.5738030358888552 0
777 1.508976933949014 -0.5218725040749737 0
778 0.8628321070790126 0.9305860081051471 0
779 0.8634051352619709 -0.9301343714863116 0
780 0.8978100590381121 1.049775037699828 0
781 0.8978100590381132 -1.049775037699829 0
782 0.3398809218116042 -1.135162839627381 0
783 0.339880921811605 1.135162839627384 0
784 0.4164438208183608 1.434394754024483 0
785 0.4164438208183607 -1.434394754024483 0
786 1.211898834862041 1.239850508292396 0
787 1.21189883486204 -1.239850508292396 0
788 0.7680639597190266 1.46245230129696 0
789 0.7680639597190266 -1.46245230129696 0
790 0.9867954382675003 -0.5918879525595199 0
791 0.9473078240162564 -1.204895587250127 0
792 0.9473078240162567 1.204895587250125 0
793 1.037868916871243 -0.07823232907019756 0
794 1.494375318941047 0.40617224495881 0
795 1.17974833134216 0.7663261106535137 0
796 0.603292417862759 -0.2037744858096124 0
797 1.247468371757771 -0.0810825587232801 0
798 0.7120307726066468 -1.397900979233188 0
799 0.7120307726066472 1.397900979233189 0
800 1.268464976743606 0.479768657026185 0
801 1.682028935741327 0.4264692411084851 0
802 0.598419917668886 -1.368775791878822 0
803 0.5984199176688849 1.368775791878823 0
804 0.3752885781850686 1.344843804749311 0
805 0.3752885781850697 -1.344843804749313 0
806 1.169644156999056 0.2318235862263842 0
807 0.6124879782374691 1.498483401425729 0
808 0.6124879782374737 -1.49848340142573 0
809 0.8379557582324439 1.419555724487226 0
810 0.8379557582324408 -1.419555724487227 0
811 0.8269232559712232 1.501831275023536 0
812 0.8269232559712228 -1.501831275023535 0
813 1.538405350659309 0.5008308768003538 0
814 1.456749032927416 0.5843208434282448 0
815 0.8750947298865396 -1.395672749044704 0
816 0.8750947298865424 1.395672749044707 0
817 1.005450692775184 -0.8859536676101423 0
818 1.004953107489964 0.8867215401342856 0
819 1.035659065539424 -1.31767092717016 0
820 1.035659065539424 1.31767092717016 0
821 1.13292890613765 0.3452633687354019 0
822 0.9598466564213656 0.7790025420752383 0
823 1.214914903866659 0.653341216960185 0
824 0.4616024180295042 1.49435459891887 0
825 0.461602418029504 -1.49435459891887 0
826 1.32395345954196 1.128675216960095 0
827 1.323953665741251 -1.128675059367918 0
828 0.7931659109860552 -1.517977044033816 0
829 0.7931659109860552 1.517977044033816 0
830 1.52235883050828 0.8400323669675898 0
831 1.111871040239478 1.195982239481185 0
832 1.111871040239479 -1.195982239481186 0
833 1.177967266241198 -0.7729174882689318 0
834 1.367871910568503 0.6443639098242588 0
835 1.543907183534123 0.2323479152964553 0
836 1.077195599945726 0.7045300929273536 0
837 1.537797149563077 -0.5956829962275153 0
838 1.479713072295356 0.9088107528855156 0
839 0.9038230373346942 0.3000795711092331 0
840 1.181050999621767 -0.3431462089258474 0
841 0.4463079537927919 -1.375389203986777 0
842 0.4463079537927919 1.375389203986776 0
843 0.8706021465110375 -0.2777687278888293 0
844 1.063270972421 -1.053730601962863 0
845 1.063275776875388 1.053742729367451 0
846 0.5424700128251285 1.10713271876264 0
847 0.5424700128251301 -1.107132718762636 0
848 1.267620068603666 -0.6080139512922755 0
849 1.267644121080716 0.8354486508388803 0
850 1.267072472118398 -0.8360419566529961 0
851 1.426102715678258 -0.1426991990052919 0
852 0.5650996230378066 -1.332144293551792 0
853 0.5650996230378054 1.332144293551794 0
854 1.388348094659364 0.8307132942154672 0
855 0.930254604245363 0.718853348983053 0
856 1.713242673190189 0.2842791323237604 0
857 1.701269667068765 -0.03307972787611203 0
858 0.8214672151710541 0.3981978654725902 0
859 1.57639796917732 -0.7531578875824221 0
860 0.9806723163329769 -1.421230179762943 0
861 0.9806723163329771 1.421230179762943 0
862 0.6575949852854737 -1.233452170437426 0
863 0.6575949852854729 1.233452170437428 0
864 0.5140678819778728 1.382099266684779 0
865 0.5140678819778745 -1.382099266684778 0
866 0.6876220115969898 1.540086676739169 0
867 0.6876220115969903 -1.540086676739169 0
868 0.5764251092420911 0.3327139399614213 0
869 1.431195897942317 -0.570696624504202 0
870 1.431714276259831 0.9972333485339484 0
871 1.431664583143524 -0.9972201877192117 0
872 0.4347031615633791 -1.318481193438004 0
873 0.4347031615633783 1.318481193438003 0
874 1.383710221883735 -0.8309812607248939 0
875 0.7562789008998378 -0.9025568578222467 0
876 0.7562789008998351 0.9025568578222487 0
877 1.124780299948726 0.1185725022801948 0
878 0.6492935496546671 0.07562379209672057 0
879 0.6714071751857802 -0.3793581172078583 0
880 0.5147722658666201 -0.8030255954112133 0
881 0.5147722658666207 0.8030255954112165 0
882 1.200146075394389 1.082609609690348 0
883 1.200132891971549 -1.082576332092163 0
884 1.259901962023609 0.7122064637416765 0
885 1.65857262174451 0.1939777526495392 0
886 1.654037448716549 -0.08983100438423199 0
887 1.511856752058672 0.7643057495648115 0
888 1.731446027109436 0.08911189405427938 0
889 0.8749730781856794 -0.06964022459999296 0
890 1.375048932488121 -0.03839148844113515 0
891 1.251759113537605 -0.7307122912319729 0
892 0.866285467034472 1.484360384679316 0
893 0.8662854670344715 -1.484360384679315 0
894 0.8553919406020216 -0.5472927379014606 0
895 1.1228560715639 -0.1171724755872477 0
896 0.5831627513782827 -0.3255538777706824 0
897 0.7637487541862664 1.351869194796356 0
898 0.7637487541862659 -1.351869194796355 0
899 0.676732937525214 0.4783228862269236 0
900 1.434369490159815 0.5328340876274682 0
901 0.7384325057417638 0.3340342566325415 0
902 1.614235138951498 0.3851687748815773 0
903 0.6750491192052195 -0.4737716447745067 0
904 1.596381034708237 -0.1254343735688151 0
905 0.6607634391496816 0.3788478899304 0
906 1.052815500363091 -0.005174367525190628 0
907 1.31224166307012 0.7007057480187717 0
908 1.238306030163235 0.9834600464361289 0
909 1.373064265498511 -0.4154261458296556 0
910 1.23830779945023 -0.9834679337637259 0
$EndNodes
$Elements
1938
1 15 2 1 1 1
2 15 2 1 2 2
3 15 2 1 3 3
4 15 2 1 4 4
5 15 2 1 5 5
6 15 2 1 6 6
7 15 2 1 7 7
8 15 2 1 8 8
9 15 2 1 9 9
10 15 2 1 10 10
11 15 2 1 11 11
12 15 2 1 12 12
13 15 2 1 13 13
14 15 2 1 14 14
15 15 2 1 15 15
16 15 2 1 16 16
17 15 2 1 17 17
18 15 2 1 18 18
19 15 2 1 19 19
20 15 2 1 20 20
21 15 2 1 21 21
22 15 2 1 22 22
23 15 2 1 23 23
24 15 2 1 24 24
25 15 2 1 25 25
26 15 2 1 26 26
27 15 2 1 27 27
28 15 2 1 28 28
29 15 2 1 29 29
30 15 2 1 30 30
31 15 2 1 31 31
32 15 2 1 32 32
33 15 2 1 33 33
34 15 2 1 34 34
35 15 2 1 35 35
36 15 2 1 36 36
37 15 2 1 37 37
38 15 2 1 38 38
39 15 2 1 39 39
40 15 2 1 40 40
41 15 2 1 41 41
42 15 2 1 42 42
43 15 2 1 43 43
44 15 2 1 44 44
45 15 2 1 45 45
46 15 2 1 46 46
47 15 2 1 47 47
48 15 2 1 48 48
49 15 2 1 49 49
50 15 2 1 50 50
51 15 2 1 51 51
52 15 2 1 52 52
53 15 2 1 53 53
54 15 2 1 54 54
55 15 2 1 55 55
56 15 2 1 56 56
57 15 2 1 57 57
58 15 2 1 58 58
59 15 2 1 59 59
60 15 2 1 60 60
61 15 2 1 61 61
62 15 2 1 62 62
63 15 2 1 63 63
64 15 2 1 64 64
65 15 2 1 65 65
66 15 2 1 66 66
67 15 2 1 67 67
68 15 2 1 68 68
69 15 2 1 69 69
70 15 2 1 70 70
71 15 2 1 71 71
72 15 2 1 72 72
73 15 2 1 73 73
74 15 2 1 74 74
75 15 2 1 75 75
76 15 2 1 76 76
77 15 2 1 77 77
78 15 2 1 78 78
79 15 2 1 79 79
80 15 2 1 80 80
81 15 2 1 81 81
82 15 2 1 82 82
83 15 2 1 83 83
84 15 2 1 84 84
85 15 2 1 85 85
86 15 2 1 86 86
87 15 2 1 87 87
88 15 2 1 88 88
89 15 2 1 89 89
90 15 2 1 90 90
91 15 2 1 91 91
92 15 2 1 92 92
93 15 2 1 93 93
94 15 2 1 94 94
95 15 2 1 95 95
96 15 2 1 96 96
97 15 2 1 97 97
98 15 2 1 98 98
99 15 2 1 99 99
100 15 2 1 100 100
101 15 2 1 101 101
102 15 2 1 102 102
103 15 2 1 103 103
104 15 2 1 104 104
105 15 2 1 105 105
106 15 2 1 106 106
107 15 2 1 107 107
108 15 2 1 108 108
109 15 2 1 109 109
110 15 2 1 110 110
111 15 2 1 111 111
112 15 2 1 112 112
113 15 2 1 113 113
114 15 2 1 114 114
115 15 2 1 115 115
116 15 2 1 116 116
117 15 2 1 117 117
118 15 2 1 118 118
119 15 2 1 119 119
120 15 2 1 120 120
121 1 2 1 121 1 2
122 1 2 1 122 2 3
123 1 2 1 123 3 4
124 1 2 1 124 4 5
125 1 2 1 125 5 6
126 1 2 1 126 6 7
127 1 2 1 127 7 8
128 1 2 1 128 8 9
129 1 2 1 129 9 10
130 1 2 1 130 10 11
131 1 2 1 131 11 12
132 1 2 1 132 12 13
133 1 2 1 133 13 14
134 1 2 1 134 14 15
135 1 2 1 135 15 16
136 1 2 1 136 16 17
137 1 2 1 137 17 18
138 1 2 1 138 18 19
139 1 2 1 139 19 20
140 1 2 1 140 20 21
141 1 2 1 141 21 22
142 1 2 1 142 22 23
143 1 2 1 143 23 24
144 1 2 1 144 24 25
145 1 2 1 145 25 26
146 1 2 1 146 26 27
147 1 2 1 147 27 28
148 1 2 1 148 28 29
149 1 2 1 149 29 30
150 1 2 1 150 30 31
151 1 2 1 151 31 32
152 1 2 1 152 32 33
153 1 2 1 153 33 34
154 1 2 1 154 34 35
155 1 2 1 155 35 36
156 1 2 1 156 36 37
157 1 2 1 157 37 38
158 1 2 1 158 38 39
159 1 2 1 159 39 40
160 1 2 1 160 40 41
161 1 2 1 161 41 42
162 1 2 1 162 42 43
163 1 2 1 163 43 44
164 1 2 1 164 44 45
165 1 2 1 165 45 46
166 1 2 1 166 46 47
167 1 2 1 167 47 48
168 1 2 1 168 48 49
169 1 2 1 169 49 50
170 1 2 1 170 50 51
171 1 2 1 171 51 52
172 1 2 1 172 52 53
173 1 2 1 173 53 54
174 1 2 1 174 54 55
175 1 2 1 175 55 56
176 1 2 1 176 56 57
177 1 2 1 177 57 58
178 1 2 1 178 58 59
179 1 2 1 179 59 60
180 1 2 1 180 60 61
181 1 2 1 181 61 62
182 1 2 1 182 62 63
183 1 2 1 183 63 64
184 1 2 1 184 64 65
185 1 2 1 185 65 66
186 1 2 1 186 66 67
187 1 2 1 187 67 68
188 1 2 1 188 68 69
189 1 2 1 189 69 70
190 1 2 1 190 70 71
191 1 2 1 191 71 72
192 1 2 1 192 72 73
193 1 2 1 193 73 74
194 1 2 1 194 74 75
195 1 2 1 195 75 76
196 1 2 1 196 76 77
197 1 2 1 197 77 78
198 1 2 1 198 78 79
199 1 2 1 199 79 80
200 1 2 1 200 80 81
201 1 2 1 201 81 82
202 1 2 1 202 82 83
203 1 2 1 203 83 84
204 1 2 1 204 84 85
205 1 2 1 205 85 86
206 1 2 1 206 86 87
207 1 2 1 207 87 88
208 1 2 1 208 88 89
209 1 2 1 209 89 90
210 1 2 1 210 90 91
211 1 2 1 211 91 92
212 1 2 1 212 92 93
213 1 2 1 213 93 94
214 1 2 1 214 94 95
215 1 2 1 215 95 96
216 1 2 1 216 96 97
217 1 2 1 217 97 98
218 1 2 1 218 98 99
219 1 2 1 219 99 100
220 1 2 1 220 100 101
221 1 2 1 221 101 102
222 1 2 1 222 102 103
223 1 2 1 223 103 104
224 1 2 1 224 104 105
225 1 2 1 225 105 106
226 1 2 1 226 106 107
227 1 2 1 227 107 108
228 1 2 1 228 108 109
229 1 2 1 229 109 110
230 1 2 1 230 110 111
231 1 2 1 231 111 112
232 1 2 1 232 112 113
233 1 2 1 233 113 114
234 1 2 1 234 114 115
235 1 2 1 235 115 116
236 1 2 1 236 116 117
237 1 2 1 237 117 118
238 1 2 1 238 118 119
239 1 2 1 239 119 120
240 1 2 1 240 120 1
241 2 2 1 242 256 413 480
242 2 2 1 242 188 364 631
243 2 2 1 242 211 480 839
244 2 2 1 242 188 631 886
245 2 2 1 242 457 319 576
246 2 2 1 242 320 456 577
247 2 2 1 242 111 387 440
248 2 2 1 242 332 235 410
249 2 2 1 242 413 151 480
250 2 2 1 242 193 327 525
251 2 2 1 242 115 116 404
252 2 2 1 242 343 176 619
253 2 2 1 242 333 193 403
254 2 2 1 242 111 112 387
255 2 2 1 242 309 594 775
256 2 2 1 242 537 349 651
257 2 2 1 242 404 116 579
258 2 2 1 242 3 4 341
259 2 2 1 242 171 435 558
260 2 2 1 242 113 114 390
261 2 2 1 242 441 61 458
262 2 2 1 242 80 81 430
263 2 2 1 242 40 41 431
264 2 2 1 242 645 211 839
265 2 2 1 242 81 82 510
266 2 2 1 242 39 40 509
267 2 2 1 242 358 395 790
268 2 2 1 242 402 143 679
269 2 2 1 242 316 402 679
270 2 2 1 242 309 371 594
271 2 2 1 242 65 421 742
272 2 2 1 242 420 56 741
273 2 2 1 242 401 240 660
274 2 2 1 242 239 400 659
275 2 2 1 242 40 431 509
276 2 2 1 242 430 81 510
277 2 2 1 242 183 375 491
278 2 2 1 242 374 182 492
279 2 2 1 242 372 206 425
280 2 2 1 242 205 373 424
281 2 2 1 242 199 321 528
282 2 2 1 242 186 470 628
283 2 2 1 242 471 187 629
284 2 2 1 242 220 297 704
285 2 2 1 242 437 170 565
286 2 2 1 242 122 349 537
287 2 2 1 242 124 372 425
288 2 2 1 242 373 125 424
289 2 2 1 242 321 199 814
290 2 2 1 242 298 219 705
291 2 2 1 242 466 200 511
292 2 2 1 242 201 467 512
293 2 2 1 242 195 401 425
294 2 2 1 242 400 194 424
295 2 2 1 242 237 441 458
296 2 2 1 242 347 553 720
297 2 2 1 242 353 278 616
298 2 2 1 242 279 354 617
299 2 2 1 242 506 109 735
300 2 2 1 242 358 233 395
301 2 2 1 242 280 347 720
302 2 2 1 242 190 390 665
303 2 2 1 242 148 462 771
304 2 2 1 242 463 148 777
305 2 2 1 242 167 630 776
306 2 2 1 242 134 416 638
307 2 2 1 242 415 133 639
308 2 2 1 242 302 138 671
309 2 2 1 242 392 209 553
310 2 2 1 242 305 263 897
311 2 2 1 242 262 306 898
312 2 2 1 242 423 6 507
313 2 2 1 242 454 168 469
314 2 2 1 242 169 455 468
315 2 2 1 242 110 111 440
316 2 2 1 242 177 457 576
317 2 2 1 242 456 178 577
318 2 2 1 242 404 190 665
319 2 2 1 242 108 109 506
320 2 2 1 242 357 192 414
321 2 2 1 242 460 90 860
322 2 2 1 242 31 461 861
323 2 2 1 242 6 7 507
324 2 2 1 242 236 537 651
325 2 2 1 242 387 249 463
326 2 2 1 242 344 219 517
327 2 2 1 242 245 337 688
328 2 2 1 242 336 246 689
329 2 2 1 242 80 430 622
330 2 2 1 242 431 41 621
331 2 2 1 242 401 124 425
332 2 2 1 242 125 400 424
333 2 2 1 242 249 390 462
334 2 2 1 242 249 462 463
335 2 2 1 242 435 297 558
336 2 2 1 242 301 645 839
337 2 2 1 242 375 225 434
338 2 2 1 242 226 374 433
339 2 2 1 242 189 387 463
340 2 2 1 242 154 303 730
341 2 2 1 242 304 155 729
342 2 2 1 242 123 358 790
343 2 2 1 242 113 390 610
344 2 2 1 242 137 332 444
345 2 2 1 242 106 452 752
346 2 2 1 242 432 215 508
347 2 2 1 242 293 401 660
348 2 2 1 242 400 292 659
349 2 2 1 242 242 351 526
350 2 2 1 242 122 342 393
351 2 2 1 242 352 241 527
352 2 2 1 242 387 112 610
353 2 2 1 242 148 596 777
354 2 2 1 242 298 437 565
355 2 2 1 242 357 414 769
356 2 2 1 242 340 137 556
357 2 2 1 242 327 193 541
358 2 2 1 242 390 190 462
359 2 2 1 242 410 235 891
360 2 2 1 242 630 342 776
361 2 2 1 242 193 333 541
362 2 2 1 242 173 842 873
363 2 2 1 242 841 172 872
364 2 2 1 242 347 280 766
365 2 2 1 242 198 343 414
366 2 2 1 242 147 361 392
367 2 2 1 242 312 141 599
368 2 2 1 242 142 311 600
369 2 2 1 242 433 374 643
370 2 2 1 242 375 434 642
371 2 2 1 242 297 220 513
372 2 2 1 242 267 432 508
373 2 2 1 242 219 298 517
374 2 2 1 242 356 127 422
375 2 2 1 242 590 267 593
376 2 2 1 242 572 302 794
377 2 2 1 242 470 305 628
378 2 2 1 242 306 471 629
379 2 2 1 242 631 326 886
380 2 2 1 242 138 302 572
381 2 2 1 242 10 11 407
382 2 2 1 242 137 340 568
383 2 2 1 242 182 370 461
384 2 2 1 242 369 183 460
385 2 2 1 242 355 137 444
386 2 2 1 242 504 121 889
387 2 2 1 242 384 604 828
388 2 2 1 242 605 385 829
389 2 2 1 242 598 148 771
390 2 2 1 242 543 326 631
391 2 2 1 242 89 90 460
392 2 2 1 242 31 32 461
393 2 2 1 242 121 348 889
394 2 2 1 242 306 262 798
395 2 2 1 242 263 305 799
396 2 2 1 242 224 572 794
397 2 2 1 242 411 243 669
398 2 2 1 242 76 77 482
399 2 2 1 242 44 45 483
400 2 2 1 242 106 107 452
401 2 2 1 242 289 466 511
402 2 2 1 242 467 288 512
403 2 2 1 242 451 214 520
404 2 2 1 242 388 194 515
405 2 2 1 242 195 389 514
406 2 2 1 242 348 121 495
407 2 2 1 242 455 285 468
408 2 2 1 242 284 454 469
409 2 2 1 242 375 255 491
410 2 2 1 242 254 374 492
411 2 2 1 242 303 154 534
412 2 2 1 242 155 304 533
413 2 2 1 242 119 543 631
414 2 2 1 242 441 237 498
415 2 2 1 242 117 118 364
416 2 2 1 242 316 210 598
417 2 2 1 242 141 312 713
418 2 2 1 242 311 142 712
419 2 2 1 242 384 245 604
420 2 2 1 242 246 385 605
421 2 2 1 242 123 350 535
422 2 2 1 242 349 122 536
423 2 2 1 242 281 442 502
424 2 2 1 242 443 282 501
425 2 2 1 242 432 267 590
426 2 2 1 242 462 148 463
427 2 2 1 242 342 630 836
428 2 2 1 242 218 314 596
429 2 2 1 242 411 317 879
430 2 2 1 242 497 221 843
431 2 2 1 242 482 286 611
432 2 2 1 242 287 483 612
433 2 2 1 242 196 336 509
434 2 2 1 242 337 197 510
435 2 2 1 242 189 777 837
436 2 2 1 242 616 278 831
437 2 2 1 242 279 617 832
438 2 2 1 242 70 71 551
439 2 2 1 242 50 51 550
440 2 2 1 242 234 441 498
441 2 2 1 242 777 355 837
442 2 2 1 242 221 627 843
443 2 2 1 242 317 146 879
444 2 2 1 242 467 483 824
445 2 2 1 242 482 466 825
446 2 2 1 242 246 605 689
447 2 2 1 242 604 245 688
448 2 2 1 242 192 356 422
449 2 2 1 242 26 27 417
450 2 2 1 242 94 95 418
451 2 2 1 242 269 451 520
452 2 2 1 242 638 416 715
453 2 2 1 242 415 639 714
454 2 2 1 242 70 551 561
455 2 2 1 242 550 51 562
456 2 2 1 242 482 77 733
457 2 2 1 242 44 483 732
458 2 2 1 242 64 65 742
459 2 2 1 242 56 57 741
460 2 2 1 242 210 316 679
461 2 2 1 242 176 347 766
462 2 2 1 242 350 217 535
463 2 2 1 242 216 349 536
464 2 2 1 242 233 429 567
465 2 2 1 242 566 204 693
466 2 2 1 242 353 229 540
467 2 2 1 242 230 354 542
468 2 2 1 242 333 403 890
469 2 2 1 242 314 218 556
470 2 2 1 242 22 540 826
471 2 2 1 242 542 99 827
472 2 2 1 242 292 400 743
473 2 2 1 242 401 293 744
474 2 2 1 242 535 217 751
475 2 2 1 242 216 536 750
476 2 2 1 242 344 174 614
477 2 2 1 242 147 392 553
478 2 2 1 242 552 315 706
479 2 2 1 242 515 194 714
480 2 2 1 242 195 514 715
481 2 2 1 242 211 348 495
482 2 2 1 242 276 535 751
483 2 2 1 242 536 277 750
484 2 2 1 242 176 343 538
485 2 2 1 242 353 540 763
486 2 2 1 242 542 354 764
487 2 2 1 242 191 477 671
488 2 2 1 242 346 274 685
489 2 2 1 242 273 345 684
490 2 2 1 242 138 572 769
491 2 2 1 242 369 460 860
492 2 2 1 242 461 370 861
493 2 2 1 242 453 259 497
494 2 2 1 242 443 155 773
495 2 2 1 242 154 442 772
496 2 2 1 242 371 309 906
497 2 2 1 242 711 335 832
498 2 2 1 242 334 710 831
499 2 2 1 242 465 222 851
500 2 2 1 242 391 199 597
501 2 2 1 242 400 125 743
502 2 2 1 242 124 401 744
503 2 2 1 242 338 264 493
504 2 2 1 242 265 339 494
505 2 2 1 242 335 531 832
506 2 2 1 242 532 334 831
507 2 2 1 242 332 137 568
508 2 2 1 242 314 355 777
509 2 2 1 242 263 514 897
510 2 2 1 242 515 262 898
511 2 2 1 242 630 250 836
512 2 2 1 242 385 186 438
513 2 2 1 242 187 384 439
514 2 2 1 242 219 344 614
515 2 2 1 242 317 411 669
516 2 2 1 242 214 378 520
517 2 2 1 242 177 376 457
518 2 2 1 242 377 178 456
519 2 2 1 242 223 426 698
520 2 2 1 242 338 673 737
521 2 2 1 242 672 339 736
522 2 2 1 242 442 213 502
523 2 2 1 242 212 443 501
524 2 2 1 242 204 444 693
525 2 2 1 242 325 222 644
526 2 2 1 242 157 453 497
527 2 2 1 242 572 357 769
528 2 2 1 242 344 517 833
529 2 2 1 242 198 414 422
530 2 2 1 242 359 135 492
531 2 2 1 242 136 360 491
532 2 2 1 242 222 403 851
533 2 2 1 242 347 147 553
534 2 2 1 242 3 341 640
535 2 2 1 242 343 619 835
536 2 2 1 242 12 13 391
537 2 2 1 242 341 4 601
538 2 2 1 242 140 433 643
539 2 2 1 242 434 139 642
540 2 2 1 242 693 332 757
541 2 2 1 242 351 242 603
542 2 2 1 242 350 123 894
543 2 2 1 242 241 352 606
544 2 2 1 242 200 482 611
545 2 2 1 242 483 201 612
546 2 2 1 242 336 196 545
547 2 2 1 242 197 337 544
548 2 2 1 242 337 245 755
549 2 2 1 242 246 336 756
550 2 2 1 242 402 244 419
551 2 2 1 242 174 344 613
552 2 2 1 242 467 201 483
553 2 2 1 242 200 466 482
554 2 2 1 242 460 183 815
555 2 2 1 242 182 461 816
556 2 2 1 242 147 347 485
557 2 2 1 242 253 377 456
558 2 2 1 242 376 252 457
559 2 2 1 242 343 198 538
560 2 2 1 242 472 312 599
561 2 2 1 242 311 473 600
562 2 2 1 242 395 646 652
563 2 2 1 242 501 173 873
564 2 2 1 242 172 502 872
565 2 2 1 242 119 120 543
566 2 2 1 242 386 193 525
567 2 2 1 242 361 222 464
568 2 2 1 242 401 195 863
569 2 2 1 242 194 400 862
570 2 2 1 242 61 62 458
571 2 2 1 242 220 380 513
572 2 2 1 242 273 672 736
573 2 2 1 242 673 274 737
574 2 2 1 242 517 131 833
575 2 2 1 242 842 331 873
576 2 2 1 242 330 841 872
577 2 2 1 242 244 404 579
578 2 2 1 242 477 191 902
579 2 2 1 242 325 485 686
580 2 2 1 242 319 643 716
581 2 2 1 242 642 320 717
582 2 2 1 242 333 227 797
583 2 2 1 242 271 552 706
584 2 2 1 242 155 660 773
585 2 2 1 242 659 154 772
586 2 2 1 242 225 369 563
587 2 2 1 242 370 226 564
588 2 2 1 242 10 407 703
589 2 2 1 242 274 346 522
590 2 2 1 242 345 273 521
591 2 2 1 242 143 402 419
592 2 2 1 242 28 29 398
593 2 2 1 242 92 93 399
594 2 2 1 242 146 317 627
595 2 2 1 242 22 23 540
596 2 2 1 242 98 99 542
597 2 2 1 242 355 444 674
598 2 2 1 242 227 333 653
599 2 2 1 242 379 145 680
600 2 2 1 242 199 539 814
601 2 2 1 242 235 332 568
602 2 2 1 242 194 388 424
603 2 2 1 242 389 195 425
604 2 2 1 242 485 198 686
605 2 2 1 242 233 567 646
606 2 2 1 242 349 216 761
607 2 2 1 242 217 350 760
608 2 2 1 242 492 135 559
609 2 2 1 242 136 491 560
610 2 2 1 242 380 132 513
611 2 2 1 242 413 283 821
612 2 2 1 242 386 143 465
613 2 2 1 242 175 393 664
614 2 2 1 242 557 318 635
615 2 2 1 242 414 192 422
616 2 2 1 242 405 310 849
617 2 2 1 242 26 417 675
618 2 2 1 242 418 95 676
619 2 2 1 242 643 254 716
620 2 2 1 242 255 642 717
621 2 2 1 242 477 302 671
622 2 2 1 242 520 378 728
623 2 2 1 242 366 499 625
624 2 2 1 242 500 365 626
625 2 2 1 242 19 20 449
626 2 2 1 242 242 526 699
627 2 2 1 242 101 102 450
628 2 2 1 242 527 241 700
629 2 2 1 242 256 692 877
630 2 2 1 242 355 314 869
631 2 2 1 242 128 378 481
632 2 2 1 242 147 485 644
633 2 2 1 242 222 325 623
634 2 2 1 242 264 338 778
635 2 2 1 242 339 265 779
636 2 2 1 242 388 205 424
637 2 2 1 242 206 389 425
638 2 2 1 242 365 500 903
639 2 2 1 242 392 361 886
640 2 2 1 242 1 406 484
641 2 2 1 242 150 396 701
642 2 2 1 242 397 149 702
643 2 2 1 242 452 315 752
644 2 2 1 242 233 358 613
645 2 2 1 242 499 366 899
646 2 2 1 242 426 539 698
647 2 2 1 242 205 388 560
648 2 2 1 242 389 206 559
649 2 2 1 242 445 197 682
650 2 2 1 242 196 446 681
651 2 2 1 242 313 410 850
652 2 2 1 242 46 47 467
653 2 2 1 242 74 75 466
654 2 2 1 242 387 189 440
655 2 2 1 242 540 351 826
656 2 2 1 242 352 542 827
657 2 2 1 242 390 249 610
658 2 2 1 242 342 122 762
659 2 2 1 242 351 229 526
660 2 2 1 242 436 547 747
661 2 2 1 242 230 352 527
662 2 2 1 242 256 480 495
663 2 2 1 242 769 343 835
664 2 2 1 242 229 351 540
665 2 2 1 242 523 294 595
666 2 2 1 242 352 230 542
667 2 2 1 242 684 345 743
668 2 2 1 242 346 685 744
669 2 2 1 242 396 285 701
670 2 2 1 242 284 397 702
671 2 2 1 242 268 407 528
672 2 2 1 242 249 387 610
673 2 2 1 242 643 319 792
674 2 2 1 242 320 642 791
675 2 2 1 242 380 220 615
676 2 2 1 242 127 356 653
677 2 2 1 242 233 344 833
678 2 2 1 242 136 388 515
679 2 2 1 242 389 135 514
680 2 2 1 242 278 353 786
681 2 2 1 242 354 279 787
682 2 2 1 242 162 478 607
683 2 2 1 242 479 161 608
684 2 2 1 242 199 391 698
685 2 2 1 242 436 158 547
686 2 2 1 242 409 184 575
687 2 2 1 242 185 408 574
688 2 2 1 242 190 402 771
689 2 2 1 242 421 248 447
690 2 2 1 242 247 420 448
691 2 2 1 242 378 128 800
692 2 2 1 242 407 199 528
693 2 2 1 242 446 162 607
694 2 2 1 242 161 445 608
695 2 2 1 242 363 231 534
696 2 2 1 242 232 362 533
697 2 2 1 242 191 423 507
698 2 2 1 242 126 523 595
699 2 2 1 242 215 834 907
700 2 2 1 242 215 432 834
701 2 2 1 242 347 176 538
702 2 2 1 242 266 459 530
703 2 2 1 242 117 364 579
704 2 2 1 242 397 220 704
705 2 2 1 242 219 396 705
706 2 2 1 242 583 329 691
707 2 2 1 242 197 544 682
708 2 2 1 242 545 196 681
709 2 2 1 242 165 693 757
710 2 2 1 242 405 322 727
711 2 2 1 242 300 506 735
712 2 2 1 242 886 361 904
713 2 2 1 242 361 147 644
714 2 2 1 242 506 452 859
715 2 2 1 242 685 124 744
716 2 2 1 242 125 684 743
717 2 2 1 242 373 205 577
718 2 2 1 242 206 372 576
719 2 2 1 242 348 211 670
720 2 2 1 242 164 557 635
721 2 2 1 242 203 418 531
722 2 2 1 242 417 202 532
723 2 2 1 242 69 561 782
724 2 2 1 242 562 52 783
725 2 2 1 242 158 436 647
726 2 2 1 242 399 584 819
727 2 2 1 242 585 398 820
728 2 2 1 242 356 192 747
729 2 2 1 242 321 765 813
730 2 2 1 242 138 382 671
731 2 2 1 242 378 214 481
732 2 2 1 242 51 52 562
733 2 2 1 242 69 70 561
734 2 2 1 242 328 582 690
735 2 2 1 242 490 59 718
736 2 2 1 242 377 253 725
737 2 2 1 242 252 376 726
738 2 2 1 242 171 558 573
739 2 2 1 242 673 338 780
740 2 2 1 242 339 672 781
741 2 2 1 242 295 460 815
742 2 2 1 242 461 296 816
743 2 2 1 242 591 281 852
744 2 2 1 242 282 592 853
745 2 2 1 242 137 355 869
746 2 2 1 242 278 417 532
747 2 2 1 242 418 279 531
748 2 2 1 242 332 410 757
749 2 2 1 242 132 405 849
750 2 2 1 242 129 376 493
751 2 2 1 242 377 130 494
752 2 2 1 242 420 208 448
753 2 2 1 242 207 421 447
754 2 2 1 242 199 407 597
755 2 2 1 242 565 170 578
756 2 2 1 242 497 259 504
757 2 2 1 242 297 513 558
758 2 2 1 242 692 309 877
759 2 2 1 242 281 580 852
760 2 2 1 242 581 282 853
761 2 2 1 242 266 395 652
762 2 2 1 242 517 298 565
763 2 2 1 242 140 636 721
764 2 2 1 242 637 139 722
765 2 2 1 242 594 227 775
766 2 2 1 242 204 452 506
767 2 2 1 242 646 156 652
768 2 2 1 242 584 203 819
769 2 2 1 242 202 585 820
770 2 2 1 242 406 2 888
771 2 2 1 242 180 367 499
772 2 2 1 242 368 181 500
773 2 2 1 242 251 357 719
774 2 2 1 242 210 386 525
775 2 2 1 242 414 343 769
776 2 2 1 242 727 322 774
777 2 2 1 242 620 256 877
778 2 2 1 242 386 210 679
779 2 2 1 242 388 136 560
780 2 2 1 242 135 389 559
781 2 2 1 242 229 353 616
782 2 2 1 242 354 230 617
783 2 2 1 242 141 367 599
784 2 2 1 242 368 142 600
785 2 2 1 242 182 374 667
786 2 2 1 242 375 183 668
787 2 2 1 242 364 118 631
788 2 2 1 242 19 449 870
789 2 2 1 242 210 394 598
790 2 2 1 242 8 9 571
791 2 2 1 242 450 102 871
792 2 2 1 242 197 445 808
793 2 2 1 242 446 196 807
794 2 2 1 242 410 131 850
795 2 2 1 242 409 141 713
796 2 2 1 242 142 408 712
797 2 2 1 242 143 386 679
798 2 2 1 242 364 244 579
799 2 2 1 242 374 226 667
800 2 2 1 242 225 375 668
801 2 2 1 242 267 728 800
802 2 2 1 242 145 489 680
803 2 2 1 242 180 349 761
804 2 2 1 242 350 181 760
805 2 2 1 242 262 515 714
806 2 2 1 242 514 263 715
807 2 2 1 242 546 210 768
808 2 2 1 242 393 342 836
809 2 2 1 242 551 213 561
810 2 2 1 242 212 550 562
811 2 2 1 242 180 499 899
812 2 2 1 242 210 525 768
813 2 2 1 242 344 233 613
814 2 2 1 242 323 569 753
815 2 2 1 242 570 324 754
816 2 2 1 242 315 552 752
817 2 2 1 242 132 380 795
818 2 2 1 242 402 316 771
819 2 2 1 242 356 227 653
820 2 2 1 242 227 356 547
821 2 2 1 242 500 181 903
822 2 2 1 242 381 221 624
823 2 2 1 242 382 272 767
824 2 2 1 242 123 530 894
825 2 2 1 242 528 321 813
826 2 2 1 242 502 172 580
827 2 2 1 242 173 501 581
828 2 2 1 242 170 583 691
829 2 2 1 242 221 381 627
830 2 2 1 242 222 361 644
831 2 2 1 242 430 260 622
832 2 2 1 242 261 431 621
833 2 2 1 242 476 238 505
834 2 2 1 242 519 260 655
835 2 2 1 242 261 518 654
836 2 2 1 242 272 382 619
837 2 2 1 242 142 368 746
838 2 2 1 242 367 141 745
839 2 2 1 242 534 154 847
840 2 2 1 242 155 533 846
841 2 2 1 242 238 590 593
842 2 2 1 242 405 132 884
843 2 2 1 242 480 211 495
844 2 2 1 242 68 487 677
845 2 2 1 242 488 53 678
846 2 2 1 242 192 357 694
847 2 2 1 242 582 171 690
848 2 2 1 242 360 136 629
849 2 2 1 242 135 359 628
850 2 2 1 242 464 222 465
851 2 2 1 242 561 303 782
852 2 2 1 242 304 562 783
853 2 2 1 242 839 609 858
854 2 2 1 242 132 412 884
855 2 2 1 242 63 64 475
856 2 2 1 242 57 58 474
857 2 2 1 242 54 55 428
858 2 2 1 242 66 67 427
859 2 2 1 242 408 185 712
860 2 2 1 242 184 409 713
861 2 2 1 242 224 476 505
862 2 2 1 242 283 413 806
863 2 2 1 242 231 363 574
864 2 2 1 242 362 232 575
865 2 2 1 242 406 209 484
866 2 2 1 242 453 656 709
867 2 2 1 242 59 60 718
868 2 2 1 242 143 419 464
869 2 2 1 242 209 392 857
870 2 2 1 242 187 471 789
871 2 2 1 242 470 186 788
872 2 2 1 242 144 426 834
873 2 2 1 242 391 13 555
874 2 2 1 242 140 643 792
875 2 2 1 242 642 139 791
876 2 2 1 242 357 251 694
877 2 2 1 242 351 603 826
878 2 2 1 242 558 310 573
879 2 2 1 242 606 352 827
880 2 2 1 242 364 188 739
881 2 2 1 242 367 180 761
882 2 2 1 242 181 368 760
883 2 2 1 242 380 615 664
884 2 2 1 242 418 203 584
885 2 2 1 242 202 417 585
886 2 2 1 242 290 446 607
887 2 2 1 242 445 291 608
888 2 2 1 242 521 736 875
889 2 2 1 242 737 522 876
890 2 2 1 242 394 218 596
891 2 2 1 242 169 711 832
892 2 2 1 242 710 168 831
893 2 2 1 242 662 446 807
894 2 2 1 242 445 663 808
895 2 2 1 242 335 637 722
896 2 2 1 242 636 334 721
897 2 2 1 242 372 177 576
898 2 2 1 242 178 373 577
899 2 2 1 242 426 322 834
900 2 2 1 242 458 258 516
901 2 2 1 242 348 179 624
902 2 2 1 242 179 348 670
903 2 2 1 242 394 148 598
904 2 2 1 242 148 394 596
905 2 2 1 242 618 413 821
906 2 2 1 242 313 565 578
907 2 2 1 242 265 754 817
908 2 2 1 242 753 264 818
909 2 2 1 242 485 325 644
910 2 2 1 242 544 337 755
911 2 2 1 242 336 545 756
912 2 2 1 242 393 175 822
913 2 2 1 242 381 146 627
914 2 2 1 242 130 377 725
915 2 2 1 242 376 129 726
916 2 2 1 242 390 114 665
917 2 2 1 242 637 335 711
918 2 2 1 242 334 636 710
919 2 2 1 242 453 157 656
920 2 2 1 242 187 439 810
921 2 2 1 242 438 186 809
922 2 2 1 242 138 769 835
923 2 2 1 242 476 224 794
924 2 2 1 242 145 379 645
925 2 2 1 242 407 11 597
926 2 2 1 242 254 492 559
927 2 2 1 242 491 255 560
928 2 2 1 242 459 243 530
929 2 2 1 242 237 458 516
930 2 2 1 242 563 369 860
931 2 2 1 242 370 564 861
932 2 2 1 242 478 307 607
933 2 2 1 242 308 479 608
934 2 2 1 242 394 210 546
935 2 2 1 242 398 29 564
936 2 2 1 242 92 399 563
937 2 2 1 242 60 61 441
938 2 2 1 242 286 519 655
939 2 2 1 242 518 287 654
940 2 2 1 242 315 452 566
941 2 2 1 242 290 549 681
942 2 2 1 242 548 291 682
943 2 2 1 242 492 182 816
944 2 2 1 242 183 491 815
945 2 2 1 242 444 204 674
946 2 2 1 242 395 233 646
947 2 2 1 242 506 300 674
948 2 2 1 242 359 492 816
949 2 2 1 242 491 360 815
950 2 2 1 242 294 524 641
951 2 2 1 242 426 223 557
952 2 2 1 242 198 485 538
953 2 2 1 242 242 435 582
954 2 2 1 242 481 283 602
955 2 2 1 242 627 317 843
956 2 2 1 242 133 415 591
957 2 2 1 242 416 134 592
958 2 2 1 242 127 623 686
959 2 2 1 242 431 196 509
960 2 2 1 242 197 430 510
961 2 2 1 242 437 241 583
962 2 2 1 242 158 647 806
963 2 2 1 242 736 159 875
964 2 2 1 242 160 737 876
965 2 2 1 242 485 347 538
966 2 2 1 242 381 179 740
967 2 2 1 242 221 497 504
968 2 2 1 242 191 671 767
969 2 2 1 242 487 303 534
970 2 2 1 242 304 488 533
971 2 2 1 242 623 325 686
972 2 2 1 242 67 68 677
973 2 2 1 242 53 54 678
974 2 2 1 242 403 222 623
975 2 2 1 242 453 275 529
976 2 2 1 242 285 396 570
977 2 2 1 242 397 284 569
978 2 2 1 242 204 506 674
979 2 2 1 242 94 418 584
980 2 2 1 242 417 27 585
981 2 2 1 242 245 384 789
982 2 2 1 242 385 246 788
983 2 2 1 242 600 217 760
984 2 2 1 242 216 599 761
985 2 2 1 242 524 156 641
986 2 2 1 242 179 381 624
987 2 2 1 242 422 127 686
988 2 2 1 242 244 364 739
989 2 2 1 242 211 645 670
990 2 2 1 242 8 571 801
991 2 2 1 242 369 225 668
992 2 2 1 242 226 370 667
993 2 2 1 242 12 391 597
994 2 2 1 242 671 382 767
995 2 2 1 242 370 182 667
996 2 2 1 242 183 369 668
997 2 2 1 242 452 204 566
998 2 2 1 242 417 278 675
999 2 2 1 242 279 418 676
1000 2 2 1 242 253 637 711
1001 2 2 1 242 636 252 710
1002 2 2 1 242 558 513 849
1003 2 2 1 242 754 324 817
1004 2 2 1 242 323 753 818
1005 2 2 1 242 120 1 484
1006 2 2 1 242 349 180 651
1007 2 2 1 242 517 565 850
1008 2 2 1 242 438 296 892
1009 2 2 1 242 295 439 893
1010 2 2 1 242 315 566 706
1011 2 2 1 242 247 428 648
1012 2 2 1 242 427 248 649
1013 2 2 1 242 541 333 797
1014 2 2 1 242 602 283 647
1015 2 2 1 242 407 268 703
1016 2 2 1 242 569 129 753
1017 2 2 1 242 130 570 754
1018 2 2 1 242 442 154 730
1019 2 2 1 242 155 443 729
1020 2 2 1 242 181 350 666
1021 2 2 1 242 357 572 719
1022 2 2 1 242 641 567 848
1023 2 2 1 242 449 242 582
1024 2 2 1 242 244 402 738
1025 2 2 1 242 241 450 583
1026 2 2 1 242 223 391 555
1027 2 2 1 242 363 534 847
1028 2 2 1 242 533 362 846
1029 2 2 1 242 320 577 717
1030 2 2 1 242 576 319 716
1031 2 2 1 242 115 404 665
1032 2 2 1 242 286 482 733
1033 2 2 1 242 483 287 732
1034 2 2 1 242 322 405 907
1035 2 2 1 242 547 158 775
1036 2 2 1 242 448 208 745
1037 2 2 1 242 207 447 746
1038 2 2 1 242 149 397 704
1039 2 2 1 242 143 464 465
1040 2 2 1 242 559 206 716
1041 2 2 1 242 205 560 717
1042 2 2 1 242 396 150 705
1043 2 2 1 242 399 93 584
1044 2 2 1 242 28 398 585
1045 2 2 1 242 523 126 840
1046 2 2 1 242 577 205 717
1047 2 2 1 242 206 576 716
1048 2 2 1 242 274 522 737
1049 2 2 1 242 521 273 736
1050 2 2 1 242 380 250 795
1051 2 2 1 242 426 144 539
1052 2 2 1 242 489 257 490
1053 2 2 1 242 258 365 896
1054 2 2 1 242 188 886 904
1055 2 2 1 242 400 239 862
1056 2 2 1 242 240 401 863
1057 2 2 1 242 362 184 657
1058 2 2 1 242 185 363 658
1059 2 2 1 242 382 138 835
1060 2 2 1 242 193 386 851
1061 2 2 1 242 207 500 626
1062 2 2 1 242 499 208 625
1063 2 2 1 242 728 378 800
1064 2 2 1 242 459 266 731
1065 2 2 1 242 218 394 909
1066 2 2 1 242 310 405 727
1067 2 2 1 242 365 258 626
1068 2 2 1 242 257 366 625
1069 2 2 1 242 366 257 868
1070 2 2 1 242 358 123 734
1071 2 2 1 242 131 410 891
1072 2 2 1 242 429 131 891
1073 2 2 1 242 120 484 543
1074 2 2 1 242 376 177 780
1075 2 2 1 242 178 377 781
1076 2 2 1 242 103 104 486
1077 2 2 1 242 549 153 681
1078 2 2 1 242 152 548 682
1079 2 2 1 242 126 687 840
1080 2 2 1 242 399 225 563
1081 2 2 1 242 226 398 564
1082 2 2 1 242 177 372 673
1083 2 2 1 242 373 178 672
1084 2 2 1 242 17 18 503
1085 2 2 1 242 248 421 649
1086 2 2 1 242 420 247 648
1087 2 2 1 242 156 567 641
1088 2 2 1 242 200 479 511
1089 2 2 1 242 478 201 512
1090 2 2 1 242 296 724 892
1091 2 2 1 242 723 295 893
1092 2 2 1 242 174 613 707
1093 2 2 1 242 449 328 870
1094 2 2 1 242 429 233 833
1095 2 2 1 242 281 502 580
1096 2 2 1 242 501 282 581
1097 2 2 1 242 368 600 760
1098 2 2 1 242 599 367 761
1099 2 2 1 242 329 450 871
1100 2 2 1 242 253 456 637
1101 2 2 1 242 457 252 636
1102 2 2 1 242 429 235 567
1103 2 2 1 242 402 190 738
1104 2 2 1 242 184 362 575
1105 2 2 1 242 363 185 574
1106 2 2 1 242 596 314 777
1107 2 2 1 242 144 432 590
1108 2 2 1 242 217 473 751
1109 2 2 1 242 472 216 750
1110 2 2 1 242 428 55 648
1111 2 2 1 242 66 427 649
1112 2 2 1 242 203 531 722
1113 2 2 1 242 532 202 721
1114 2 2 1 242 234 489 490
1115 2 2 1 242 267 508 728
1116 2 2 1 242 392 326 857
1117 2 2 1 242 167 508 823
1118 2 2 1 242 447 142 746
1119 2 2 1 242 141 448 745
1120 2 2 1 242 449 20 603
1121 2 2 1 242 101 450 606
1122 2 2 1 242 664 393 836
1123 2 2 1 242 42 43 518
1124 2 2 1 242 78 79 519
1125 2 2 1 242 240 416 592
1126 2 2 1 242 415 239 591
1127 2 2 1 242 250 380 664
1128 2 2 1 242 230 455 617
1129 2 2 1 242 454 229 616
1130 2 2 1 242 374 254 643
1131 2 2 1 242 255 375 642
1132 2 2 1 242 291 548 639
1133 2 2 1 242 549 290 638
1134 2 2 1 242 566 165 706
1135 2 2 1 242 475 64 742
1136 2 2 1 242 57 474 741
1137 2 2 1 242 645 379 670
1138 2 2 1 242 301 839 858
1139 2 2 1 242 569 323 758
1140 2 2 1 242 324 570 759
1141 2 2 1 242 410 313 757
1142 2 2 1 242 6 423 856
1143 2 2 1 242 641 340 697
1144 2 2 1 242 300 440 837
1145 2 2 1 242 227 594 797
1146 2 2 1 242 186 385 788
1147 2 2 1 242 384 187 789
1148 2 2 1 242 427 231 695
1149 2 2 1 242 232 428 696
1150 2 2 1 242 571 268 634
1151 2 2 1 242 299 571 634
1152 2 2 1 242 615 175 664
1153 2 2 1 242 294 523 524
1154 2 2 1 242 419 188 904
1155 2 2 1 242 793 259 895
1156 2 2 1 242 48 49 632
1157 2 2 1 242 72 73 633
1158 2 2 1 242 125 373 684
1159 2 2 1 242 372 124 685
1160 2 2 1 242 243 411 666
1161 2 2 1 242 177 673 780
1162 2 2 1 242 672 178 781
1163 2 2 1 242 191 507 902
1164 2 2 1 242 2 3 640
1165 2 2 1 242 467 47 784
1166 2 2 1 242 74 466 785
1167 2 2 1 242 340 556 697
1168 2 2 1 242 259 453 529
1169 2 2 1 242 439 295 810
1170 2 2 1 242 296 438 809
1171 2 2 1 242 198 422 686
1172 2 2 1 242 146 381 796
1173 2 2 1 242 632 49 804
1174 2 2 1 242 72 633 805
1175 2 2 1 242 151 413 618
1176 2 2 1 242 423 272 856
1177 2 2 1 242 613 358 707
1178 2 2 1 242 440 189 837
1179 2 2 1 242 412 132 795
1180 2 2 1 242 505 128 554
1181 2 2 1 242 235 429 891
1182 2 2 1 242 775 158 877
1183 2 2 1 242 413 256 620
1184 2 2 1 242 630 167 823
1185 2 2 1 242 765 163 813
1186 2 2 1 242 118 119 631
1187 2 2 1 242 142 447 880
1188 2 2 1 242 448 141 881
1189 2 2 1 242 231 427 677
1190 2 2 1 242 428 232 678
1191 2 2 1 242 167 520 728
1192 2 2 1 242 341 601 885
1193 2 2 1 242 128 505 593
1194 2 2 1 242 433 140 721
1195 2 2 1 242 139 434 722
1196 2 2 1 242 432 144 834
1197 2 2 1 242 404 244 738
1198 2 2 1 242 435 171 582
1199 2 2 1 242 434 225 819
1200 2 2 1 242 226 433 820
1201 2 2 1 242 13 14 555
1202 2 2 1 242 224 505 554
1203 2 2 1 242 477 163 794
1204 2 2 1 242 170 437 583
1205 2 2 1 242 466 75 825
1206 2 2 1 242 46 467 824
1207 2 2 1 242 236 651 858
1208 2 2 1 242 208 474 625
1209 2 2 1 242 475 207 626
1210 2 2 1 242 20 21 603
1211 2 2 1 242 263 638 715
1212 2 2 1 242 639 262 714
1213 2 2 1 242 100 101 606
1214 2 2 1 242 179 498 740
1215 2 2 1 242 549 263 799
1216 2 2 1 242 262 548 798
1217 2 2 1 242 294 641 697
1218 2 2 1 242 225 399 819
1219 2 2 1 242 398 226 820
1220 2 2 1 242 475 258 708
1221 2 2 1 242 122 393 855
1222 2 2 1 242 29 30 564
1223 2 2 1 242 91 92 563
1224 2 2 1 242 239 415 862
1225 2 2 1 242 416 240 863
1226 2 2 1 242 531 335 722
1227 2 2 1 242 334 532 721
1228 2 2 1 242 250 412 795
1229 2 2 1 242 209 406 720
1230 2 2 1 242 144 590 814
1231 2 2 1 242 190 404 738
1232 2 2 1 242 328 449 582
1233 2 2 1 242 412 250 630
1234 2 2 1 242 403 193 851
1235 2 2 1 242 11 12 597
1236 2 2 1 242 27 28 585
1237 2 2 1 242 93 94 584
1238 2 2 1 242 302 477 794
1239 2 2 1 242 450 329 583
1240 2 2 1 242 391 223 698
1241 2 2 1 242 435 242 699
1242 2 2 1 242 241 437 700
1243 2 2 1 242 291 639 802
1244 2 2 1 242 638 290 803
1245 2 2 1 242 110 440 735
1246 2 2 1 242 763 24 786
1247 2 2 1 242 97 764 787
1248 2 2 1 242 104 105 552
1249 2 2 1 242 188 419 739
1250 2 2 1 242 214 451 618
1251 2 2 1 242 257 474 683
1252 2 2 1 242 478 162 612
1253 2 2 1 242 161 479 611
1254 2 2 1 242 133 591 852
1255 2 2 1 242 592 134 853
1256 2 2 1 242 247 409 696
1257 2 2 1 242 408 248 695
1258 2 2 1 242 419 244 739
1259 2 2 1 242 524 228 731
1260 2 2 1 242 486 104 552
1261 2 2 1 242 658 345 748
1262 2 2 1 242 346 657 749
1263 2 2 1 242 442 281 772
1264 2 2 1 242 282 443 773
1265 2 2 1 242 2 640 888
1266 2 2 1 242 131 429 833
1267 2 2 1 242 386 465 851
1268 2 2 1 242 546 126 595
1269 2 2 1 242 409 575 696
1270 2 2 1 242 574 408 695
1271 2 2 1 242 149 526 882
1272 2 2 1 242 527 150 883
1273 2 2 1 242 163 477 634
1274 2 2 1 242 436 192 694
1275 2 2 1 242 436 251 647
1276 2 2 1 242 623 127 890
1277 2 2 1 242 316 598 771
1278 2 2 1 242 89 460 723
1279 2 2 1 242 461 32 724
1280 2 2 1 242 168 454 616
1281 2 2 1 242 455 169 617
1282 2 2 1 242 814 590 900
1283 2 2 1 242 657 293 846
1284 2 2 1 242 292 658 847
1285 2 2 1 242 275 453 709
1286 2 2 1 242 395 266 790
1287 2 2 1 242 652 524 731
1288 2 2 1 242 152 471 798
1289 2 2 1 242 470 153 799
1290 2 2 1 242 651 180 899
1291 2 2 1 242 238 476 765
1292 2 2 1 242 512 288 842
1293 2 2 1 242 289 511 841
1294 2 2 1 242 479 200 611
1295 2 2 1 242 201 478 612
1296 2 2 1 242 60 441 718
1297 2 2 1 242 251 436 694
1298 2 2 1 242 403 623 890
1299 2 2 1 242 326 392 886
1300 2 2 1 242 503 328 690
1301 2 2 1 242 446 290 681
1302 2 2 1 242 291 445 682
1303 2 2 1 242 651 383 858
1304 2 2 1 242 383 651 899
1305 2 2 1 242 464 419 904
1306 2 2 1 242 116 117 579
1307 2 2 1 242 327 661 687
1308 2 2 1 242 523 228 524
1309 2 2 1 242 192 436 747
1310 2 2 1 242 242 449 603
1311 2 2 1 242 450 241 606
1312 2 2 1 242 162 446 662
1313 2 2 1 242 445 161 663
1314 2 2 1 242 128 481 602
1315 2 2 1 242 220 397 758
1316 2 2 1 242 396 219 759
1317 2 2 1 242 234 498 680
1318 2 2 1 242 331 632 804
1319 2 2 1 242 633 330 805
1320 2 2 1 242 203 434 819
1321 2 2 1 242 433 202 820
1322 2 2 1 242 505 238 593
1323 2 2 1 242 408 142 880
1324 2 2 1 242 141 409 881
1325 2 2 1 242 164 727 774
1326 2 2 1 242 208 499 745
1327 2 2 1 242 500 207 746
1328 2 2 1 242 272 423 767
1329 2 2 1 242 166 529 661
1330 2 2 1 242 459 157 669
1331 2 2 1 242 658 363 847
1332 2 2 1 242 362 657 846
1333 2 2 1 242 421 65 649
1334 2 2 1 242 56 420 648
1335 2 2 1 242 231 487 534
1336 2 2 1 242 488 232 533
1337 2 2 1 242 329 486 691
1338 2 2 1 242 529 275 661
1339 2 2 1 242 160 472 750
1340 2 2 1 242 473 159 751
1341 2 2 1 242 493 264 753
1342 2 2 1 242 265 494 754
1343 2 2 1 242 84 85 604
1344 2 2 1 242 36 37 605
1345 2 2 1 242 470 246 756
1346 2 2 1 242 245 471 755
1347 2 2 1 242 259 529 895
1348 2 2 1 242 181 666 903
1349 2 2 1 242 409 247 881
1350 2 2 1 242 248 408 880
1351 2 2 1 242 834 322 907
1352 2 2 1 242 474 208 741
1353 2 2 1 242 207 475 742
1354 2 2 1 242 427 67 677
1355 2 2 1 242 54 428 678
1356 2 2 1 242 556 218 697
1357 2 2 1 242 258 458 708
1358 2 2 1 242 601 272 885
1359 2 2 1 242 385 438 811
1360 2 2 1 242 439 384 812
1361 2 2 1 242 477 299 634
1362 2 2 1 242 371 793 895
1363 2 2 1 242 270 503 690
1364 2 2 1 242 496 16 838
1365 2 2 1 242 660 240 773
1366 2 2 1 242 239 659 772
1367 2 2 1 242 88 89 723
1368 2 2 1 242 32 33 724
1369 2 2 1 242 322 426 774
1370 2 2 1 242 4 5 601
1371 2 2 1 242 447 248 880
1372 2 2 1 242 247 448 881
1373 2 2 1 242 578 271 874
1374 2 2 1 242 63 475 708
1375 2 2 1 242 423 191 767
1376 2 2 1 242 55 56 648
1377 2 2 1 242 65 66 649
1378 2 2 1 242 216 472 599
1379 2 2 1 242 473 217 600
1380 2 2 1 242 444 332 693
1381 2 2 1 242 451 151 618
1382 2 2 1 242 16 496 830
1383 2 2 1 242 52 53 783
1384 2 2 1 242 68 69 782
1385 2 2 1 242 103 486 871
1386 2 2 1 242 486 271 691
1387 2 2 1 242 112 113 610
1388 2 2 1 242 474 257 625
1389 2 2 1 242 258 475 626
1390 2 2 1 242 503 18 870
1391 2 2 1 242 179 670 878
1392 2 2 1 242 415 714 862
1393 2 2 1 242 715 416 863
1394 2 2 1 242 675 278 786
1395 2 2 1 242 279 676 787
1396 2 2 1 242 666 411 903
1397 2 2 1 242 656 459 731
1398 2 2 1 242 452 107 859
1399 2 2 1 242 271 486 552
1400 2 2 1 242 434 203 722
1401 2 2 1 242 202 433 721
1402 2 2 1 242 456 320 791
1403 2 2 1 242 319 457 792
1404 2 2 1 242 185 658 748
1405 2 2 1 242 657 184 749
1406 2 2 1 242 151 451 609
1407 2 2 1 242 484 209 857
1408 2 2 1 242 7 8 801
1409 2 2 1 242 377 494 781
1410 2 2 1 242 493 376 780
1411 2 2 1 242 441 234 718
1412 2 2 1 242 507 7 801
1413 2 2 1 242 554 128 602
1414 2 2 1 242 16 17 838
1415 2 2 1 242 186 628 809
1416 2 2 1 242 629 187 810
1417 2 2 1 242 318 496 635
1418 2 2 1 242 9 10 703
1419 2 2 1 242 607 307 803
1420 2 2 1 242 308 608 802
1421 2 2 1 242 310 727 854
1422 2 2 1 242 406 280 720
1423 2 2 1 242 702 149 882
1424 2 2 1 242 150 701 883
1425 2 2 1 242 474 58 683
1426 2 2 1 242 591 239 772
1427 2 2 1 242 240 592 773
1428 2 2 1 242 543 484 857
1429 2 2 1 242 96 97 787
1430 2 2 1 242 24 25 786
1431 2 2 1 242 260 519 622
1432 2 2 1 242 518 261 621
1433 2 2 1 242 237 516 796
1434 2 2 1 242 173 512 842
1435 2 2 1 242 511 172 841
1436 2 2 1 242 468 253 711
1437 2 2 1 242 252 469 710
1438 2 2 1 242 342 762 776
1439 2 2 1 242 208 420 741
1440 2 2 1 242 421 207 742
1441 2 2 1 242 762 269 776
1442 2 2 1 242 15 16 830
1443 2 2 1 242 661 275 687
1444 2 2 1 242 5 6 856
1445 2 2 1 242 195 715 863
1446 2 2 1 242 714 194 862
1447 2 2 1 242 82 83 867
1448 2 2 1 242 38 39 866
1449 2 2 1 242 670 379 878
1450 2 2 1 242 246 470 788
1451 2 2 1 242 471 245 789
1452 2 2 1 242 471 306 798
1453 2 2 1 242 305 470 799
1454 2 2 1 242 39 509 866
1455 2 2 1 242 510 82 867
1456 2 2 1 242 109 110 735
1457 2 2 1 242 213 442 730
1458 2 2 1 242 443 212 729
1459 2 2 1 242 555 14 650
1460 2 2 1 242 271 706 874
1461 2 2 1 242 260 430 808
1462 2 2 1 242 431 261 807
1463 2 2 1 242 440 300 735
1464 2 2 1 242 229 454 882
1465 2 2 1 242 455 230 883
1466 2 2 1 242 248 427 695
1467 2 2 1 242 428 247 696
1468 2 2 1 242 469 168 710
1469 2 2 1 242 169 468 711
1470 2 2 1 242 157 459 656
1471 2 2 1 242 153 470 756
1472 2 2 1 242 471 152 755
1473 2 2 1 242 251 602 647
1474 2 2 1 242 554 251 719
1475 2 2 1 242 79 80 622
1476 2 2 1 242 41 42 621
1477 2 2 1 242 288 467 784
1478 2 2 1 242 466 289 785
1479 2 2 1 242 361 464 904
1480 2 2 1 242 457 636 792
1481 2 2 1 242 637 456 791
1482 2 2 1 242 803 307 853
1483 2 2 1 242 308 802 852
1484 2 2 1 242 303 487 782
1485 2 2 1 242 488 304 783
1486 2 2 1 242 546 595 909
1487 2 2 1 242 71 72 805
1488 2 2 1 242 49 50 804
1489 2 2 1 242 588 264 589
1490 2 2 1 242 265 586 587
1491 2 2 1 242 243 459 669
1492 2 2 1 242 280 406 888
1493 2 2 1 242 328 503 870
1494 2 2 1 242 472 160 876
1495 2 2 1 242 159 473 875
1496 2 2 1 242 535 276 734
1497 2 2 1 242 254 559 716
1498 2 2 1 242 560 255 717
1499 2 2 1 242 619 382 835
1500 2 2 1 242 496 270 635
1501 2 2 1 242 486 329 871
1502 2 2 1 242 270 496 838
1503 2 2 1 242 451 269 770
1504 2 2 1 242 281 591 772
1505 2 2 1 242 592 282 773
1506 2 2 1 242 629 136 898
1507 2 2 1 242 135 628 897
1508 2 2 1 242 219 614 759
1509 2 2 1 242 615 220 758
1510 2 2 1 242 483 45 824
1511 2 2 1 242 76 482 825
1512 2 2 1 242 561 213 730
1513 2 2 1 242 212 562 729
1514 2 2 1 242 297 435 908
1515 2 2 1 242 256 495 692
1516 2 2 1 242 327 541 661
1517 2 2 1 242 257 489 868
1518 2 2 1 242 498 179 878
1519 2 2 1 242 489 145 868
1520 2 2 1 242 437 298 910
1521 2 2 1 242 413 620 806
1522 2 2 1 242 14 15 650
1523 2 2 1 242 476 163 765
1524 2 2 1 242 168 616 831
1525 2 2 1 242 617 169 832
1526 2 2 1 242 58 59 683
1527 2 2 1 242 299 477 902
1528 2 2 1 242 564 30 861
1529 2 2 1 242 91 563 860
1530 2 2 1 242 42 518 621
1531 2 2 1 242 519 79 622
1532 2 2 1 242 145 645 901
1533 2 2 1 242 680 498 878
1534 2 2 1 242 163 476 794
1535 2 2 1 242 460 295 723
1536 2 2 1 242 296 461 724
1537 2 2 1 242 573 310 854
1538 2 2 1 242 62 63 708
1539 2 2 1 242 516 258 896
1540 2 2 1 242 575 232 696
1541 2 2 1 242 231 574 695
1542 2 2 1 242 628 359 809
1543 2 2 1 242 360 629 810
1544 2 2 1 242 156 524 652
1545 2 2 1 242 353 763 786
1546 2 2 1 242 764 354 787
1547 2 2 1 242 571 9 703
1548 2 2 1 242 176 766 885
1549 2 2 1 242 238 765 900
1550 2 2 1 242 539 199 698
1551 2 2 1 242 552 105 752
1552 2 2 1 242 146 796 896
1553 2 2 1 242 507 299 902
1554 2 2 1 242 571 299 801
1555 2 2 1 242 47 48 784
1556 2 2 1 242 73 74 785
1557 2 2 1 242 481 214 821
1558 2 2 1 242 614 324 759
1559 2 2 1 242 323 615 758
1560 2 2 1 242 25 26 675
1561 2 2 1 242 95 96 676
1562 2 2 1 242 503 270 838
1563 2 2 1 242 568 340 848
1564 2 2 1 242 196 431 807
1565 2 2 1 242 430 197 808
1566 2 2 1 242 114 115 665
1567 2 2 1 242 128 593 800
1568 2 2 1 242 285 455 701
1569 2 2 1 242 454 284 702
1570 2 2 1 242 494 339 781
1571 2 2 1 242 338 493 780
1572 2 2 1 242 490 257 683
1573 2 2 1 242 83 84 688
1574 2 2 1 242 37 38 689
1575 2 2 1 242 462 190 771
1576 2 2 1 242 23 24 763
1577 2 2 1 242 97 98 764
1578 2 2 1 242 189 463 777
1579 2 2 1 242 656 228 709
1580 2 2 1 242 235 568 848
1581 2 2 1 242 272 601 856
1582 2 2 1 242 276 707 734
1583 2 2 1 242 312 472 876
1584 2 2 1 242 473 311 875
1585 2 2 1 242 495 121 692
1586 2 2 1 242 253 468 725
1587 2 2 1 242 469 252 726
1588 2 2 1 242 161 611 655
1589 2 2 1 242 612 162 654
1590 2 2 1 242 572 224 719
1591 2 2 1 242 108 506 859
1592 2 2 1 242 251 554 602
1593 2 2 1 242 499 367 745
1594 2 2 1 242 368 500 746
1595 2 2 1 242 518 43 732
1596 2 2 1 242 78 519 733
1597 2 2 1 242 280 640 766
1598 2 2 1 242 513 132 849
1599 2 2 1 242 586 276 587
1600 2 2 1 242 277 588 589
1601 2 2 1 242 540 23 763
1602 2 2 1 242 98 542 764
1603 2 2 1 242 270 573 854
1604 2 2 1 242 228 523 840
1605 2 2 1 242 740 237 796
1606 2 2 1 242 84 604 688
1607 2 2 1 242 605 37 689
1608 2 2 1 242 458 62 708
1609 2 2 1 242 541 166 661
1610 2 2 1 242 131 517 850
1611 2 2 1 242 327 687 768
1612 2 2 1 242 489 234 680
1613 2 2 1 242 166 594 895
1614 2 2 1 242 324 614 817
1615 2 2 1 242 615 323 818
1616 2 2 1 242 59 490 683
1617 2 2 1 242 504 259 793
1618 2 2 1 242 553 209 720
1619 2 2 1 242 277 536 855
1620 2 2 1 242 121 504 793
1621 2 2 1 242 175 588 822
1622 2 2 1 242 589 160 750
1623 2 2 1 242 159 587 751
1624 2 2 1 242 567 156 646
1625 2 2 1 242 520 167 776
1626 2 2 1 242 487 231 677
1627 2 2 1 242 232 488 678
1628 2 2 1 242 511 479 865
1629 2 2 1 242 478 512 864
1630 2 2 1 242 487 68 782
1631 2 2 1 242 53 488 783
1632 2 2 1 242 609 236 858
1633 2 2 1 242 640 341 766
1634 2 2 1 242 480 151 839
1635 2 2 1 242 43 44 732
1636 2 2 1 242 77 78 733
1637 2 2 1 242 479 308 865
1638 2 2 1 242 307 478 864
1639 2 2 1 242 468 285 844
1640 2 2 1 242 284 469 845
1641 2 2 1 242 269 520 776
1642 2 2 1 242 796 516 896
1643 2 2 1 242 548 262 639
1644 2 2 1 242 263 549 638
1645 2 2 1 242 151 609 839
1646 2 2 1 242 129 493 753
1647 2 2 1 242 494 130 754
1648 2 2 1 242 105 106 752
1649 2 2 1 242 107 108 859
1650 2 2 1 242 581 307 864
1651 2 2 1 242 308 580 865
1652 2 2 1 242 604 85 828
1653 2 2 1 242 36 605 829
1654 2 2 1 242 268 528 813
1655 2 2 1 242 314 556 869
1656 2 2 1 242 266 530 790
1657 2 2 1 242 498 237 740
1658 2 2 1 242 537 236 770
1659 2 2 1 242 586 265 817
1660 2 2 1 242 264 588 818
1661 2 2 1 242 508 215 823
1662 2 2 1 242 166 541 797
1663 2 2 1 242 603 21 826
1664 2 2 1 242 218 595 697
1665 2 2 1 242 100 606 827
1666 2 2 1 242 537 269 762
1667 2 2 1 242 250 664 836
1668 2 2 1 242 312 522 749
1669 2 2 1 242 521 311 748
1670 2 2 1 242 45 46 824
1671 2 2 1 242 75 76 825
1672 2 2 1 242 234 490 718
1673 2 2 1 242 635 270 854
1674 2 2 1 242 556 137 869
1675 2 2 1 242 514 135 897
1676 2 2 1 242 136 515 898
1677 2 2 1 242 86 87 812
1678 2 2 1 242 34 35 811
1679 2 2 1 242 547 356 747
1680 2 2 1 242 318 557 887
1681 2 2 1 242 122 537 762
1682 2 2 1 242 611 286 655
1683 2 2 1 242 287 612 654
1684 2 2 1 242 35 36 829
1685 2 2 1 242 85 86 828
1686 2 2 1 242 426 557 774
1687 2 2 1 242 345 521 748
1688 2 2 1 242 522 346 749
1689 2 2 1 242 269 537 770
1690 2 2 1 242 530 123 790
1691 2 2 1 242 525 327 768
1692 2 2 1 242 276 586 707
1693 2 2 1 242 224 554 719
1694 2 2 1 242 573 270 690
1695 2 2 1 242 687 126 768
1696 2 2 1 242 496 318 830
1697 2 2 1 242 157 497 843
1698 2 2 1 242 17 503 838
1699 2 2 1 242 578 170 691
1700 2 2 1 242 171 573 690
1701 2 2 1 242 508 167 728
1702 2 2 1 242 567 235 848
1703 2 2 1 242 397 569 758
1704 2 2 1 242 570 396 759
1705 2 2 1 242 674 300 837
1706 2 2 1 242 271 578 691
1707 2 2 1 242 175 615 818
1708 2 2 1 242 614 174 817
1709 2 2 1 242 173 581 864
1710 2 2 1 242 580 172 865
1711 2 2 1 242 330 551 805
1712 2 2 1 242 550 331 804
1713 2 2 1 242 557 223 887
1714 2 2 1 242 21 22 826
1715 2 2 1 242 99 100 827
1716 2 2 1 242 594 371 895
1717 2 2 1 242 30 31 861
1718 2 2 1 242 90 91 860
1719 2 2 1 242 87 88 893
1720 2 2 1 242 33 34 892
1721 2 2 1 242 766 341 885
1722 2 2 1 242 526 149 699
1723 2 2 1 242 150 527 700
1724 2 2 1 242 299 507 801
1725 2 2 1 242 18 19 870
1726 2 2 1 242 102 103 871
1727 2 2 1 242 645 301 901
1728 2 2 1 242 562 304 729
1729 2 2 1 242 303 561 730
1730 2 2 1 242 123 535 734
1731 2 2 1 242 373 672 684
1732 2 2 1 242 673 372 685
1733 2 2 1 242 548 152 798
1734 2 2 1 242 153 549 799
1735 2 2 1 242 519 286 733
1736 2 2 1 242 287 518 732
1737 2 2 1 242 619 176 885
1738 2 2 1 242 163 634 813
1739 2 2 1 242 589 264 778
1740 2 2 1 242 265 587 779
1741 2 2 1 242 268 571 703
1742 2 2 1 242 713 312 749
1743 2 2 1 242 311 712 748
1744 2 2 1 242 165 566 693
1745 2 2 1 242 288 632 842
1746 2 2 1 242 633 289 841
1747 2 2 1 242 544 152 682
1748 2 2 1 242 153 545 681
1749 2 2 1 242 536 122 855
1750 2 2 1 242 595 294 697
1751 2 2 1 242 654 162 662
1752 2 2 1 242 161 655 663
1753 2 2 1 242 586 174 707
1754 2 2 1 242 639 133 802
1755 2 2 1 242 134 638 803
1756 2 2 1 242 278 532 831
1757 2 2 1 242 531 279 832
1758 2 2 1 242 313 578 874
1759 2 2 1 242 793 371 906
1760 2 2 1 242 529 166 895
1761 2 2 1 242 293 657 744
1762 2 2 1 242 658 292 743
1763 2 2 1 242 551 330 872
1764 2 2 1 242 331 550 873
1765 2 2 1 242 526 229 882
1766 2 2 1 242 230 527 883
1767 2 2 1 242 261 654 662
1768 2 2 1 242 655 260 663
1769 2 2 1 242 385 811 829
1770 2 2 1 242 812 384 828
1771 2 2 1 242 727 164 854
1772 2 2 1 242 283 481 821
1773 2 2 1 242 227 547 775
1774 2 2 1 242 236 609 770
1775 2 2 1 242 355 674 837
1776 2 2 1 242 647 283 806
1777 2 2 1 242 121 793 906
1778 2 2 1 242 394 546 909
1779 2 2 1 242 555 650 887
1780 2 2 1 242 757 313 874
1781 2 2 1 242 502 213 872
1782 2 2 1 242 212 501 873
1783 2 2 1 242 86 812 828
1784 2 2 1 242 811 35 829
1785 2 2 1 242 709 228 840
1786 2 2 1 242 48 632 784
1787 2 2 1 242 633 73 785
1788 2 2 1 242 50 550 804
1789 2 2 1 242 551 71 805
1790 2 2 1 242 812 87 893
1791 2 2 1 242 34 811 892
1792 2 2 1 242 539 144 814
1793 2 2 1 242 509 336 866
1794 2 2 1 242 337 510 867
1795 2 2 1 242 669 157 843
1796 2 2 1 242 557 164 774
1797 2 2 1 242 632 288 784
1798 2 2 1 242 289 633 785
1799 2 2 1 242 595 218 909
1800 2 2 1 242 657 346 744
1801 2 2 1 242 345 658 743
1802 2 2 1 242 228 656 731
1803 2 2 1 242 152 544 755
1804 2 2 1 242 545 153 756
1805 2 2 1 242 126 546 768
1806 2 2 1 242 587 276 751
1807 2 2 1 242 277 589 750
1808 2 2 1 242 823 215 884
1809 2 2 1 242 609 451 770
1810 2 2 1 242 221 504 889
1811 2 2 1 242 306 629 898
1812 2 2 1 242 628 305 897
1813 2 2 1 242 580 308 852
1814 2 2 1 242 307 581 853
1815 2 2 1 242 765 321 900
1816 2 2 1 242 223 555 887
1817 2 2 1 242 214 618 821
1818 2 2 1 242 285 570 844
1819 2 2 1 242 569 284 845
1820 2 2 1 242 412 823 884
1821 2 2 1 242 174 586 817
1822 2 2 1 242 588 175 818
1823 2 2 1 242 672 273 684
1824 2 2 1 242 274 673 685
1825 2 2 1 242 620 158 806
1826 2 2 1 242 594 166 797
1827 2 2 1 242 712 185 748
1828 2 2 1 242 184 713 749
1829 2 2 1 242 634 268 813
1830 2 2 1 242 512 173 864
1831 2 2 1 242 172 511 865
1832 2 2 1 242 811 438 892
1833 2 2 1 242 439 812 893
1834 2 2 1 242 213 551 872
1835 2 2 1 242 550 212 873
1836 2 2 1 242 310 558 849
1837 2 2 1 242 640 280 888
1838 2 2 1 242 160 589 778
1839 2 2 1 242 587 159 779
1840 2 2 1 242 530 243 894
1841 2 2 1 242 565 313 850
1842 2 2 1 242 129 569 845
1843 2 2 1 242 570 130 844
1844 2 2 1 242 593 267 800
1845 2 2 1 242 632 331 842
1846 2 2 1 242 330 633 841
1847 2 2 1 242 636 140 792
1848 2 2 1 242 139 637 791
1849 2 2 1 242 88 723 893
1850 2 2 1 242 724 33 892
1851 2 2 1 242 311 521 875
1852 2 2 1 242 522 312 876
1853 2 2 1 242 822 277 855
1854 2 2 1 242 158 620 877
1855 2 2 1 242 290 607 803
1856 2 2 1 242 608 291 802
1857 2 2 1 242 810 295 815
1858 2 2 1 242 296 809 816
1859 2 2 1 242 704 297 908
1860 2 2 1 242 298 705 910
1861 2 2 1 242 601 5 856
1862 2 2 1 242 588 277 822
1863 2 2 1 242 266 652 731
1864 2 2 1 242 412 630 823
1865 2 2 1 242 590 238 900
1866 2 2 1 242 134 803 853
1867 2 2 1 242 802 133 852
1868 2 2 1 242 707 358 734
1869 2 2 1 242 381 740 796
1870 2 2 1 242 676 96 787
1871 2 2 1 242 25 675 786
1872 2 2 1 242 725 468 844
1873 2 2 1 242 469 726 845
1874 2 2 1 242 272 619 885
1875 2 2 1 242 340 641 848
1876 2 2 1 242 301 858 901
1877 2 2 1 242 338 737 778
1878 2 2 1 242 736 339 779
1879 2 2 1 242 858 383 901
1880 2 2 1 242 650 15 830
1881 2 2 1 242 624 221 889
1882 2 2 1 242 663 260 808
1883 2 2 1 242 261 662 807
1884 2 2 1 242 165 757 874
1885 2 2 1 242 127 653 890
1886 2 2 1 242 309 692 906
1887 2 2 1 242 348 624 889
1888 2 2 1 242 360 810 815
1889 2 2 1 242 809 359 816
1890 2 2 1 242 326 543 857
1891 2 2 1 242 154 659 847
1892 2 2 1 242 660 155 846
1893 2 2 1 242 318 650 830
1894 2 2 1 242 379 680 878
1895 2 2 1 242 659 292 847
1896 2 2 1 242 293 660 846
1897 2 2 1 242 321 814 900
1898 2 2 1 242 666 350 894
1899 2 2 1 242 317 669 843
1900 2 2 1 242 164 635 854
1901 2 2 1 242 275 709 840
1902 2 2 1 242 159 736 779
1903 2 2 1 242 737 160 778
1904 2 2 1 242 83 688 867
1905 2 2 1 242 689 38 866
1906 2 2 1 242 687 275 840
1907 2 2 1 242 243 666 894
1908 2 2 1 242 650 318 887
1909 2 2 1 242 653 333 890
1910 2 2 1 242 454 702 882
1911 2 2 1 242 701 455 883
1912 2 2 1 242 692 121 906
1913 2 2 1 242 435 699 908
1914 2 2 1 242 700 437 910
1915 2 2 1 242 309 775 877
1916 2 2 1 242 149 704 908
1917 2 2 1 242 705 150 910
1918 2 2 1 242 726 129 845
1919 2 2 1 242 130 725 844
1920 2 2 1 242 336 689 866
1921 2 2 1 242 688 337 867
1922 2 2 1 242 706 165 874
1923 2 2 1 242 366 868 905
1924 2 2 1 242 393 822 855
1925 2 2 1 242 868 145 905
1926 2 2 1 242 699 149 908
1927 2 2 1 242 150 700 910
1928 2 2 1 242 365 879 896
1929 2 2 1 242 879 146 896
1930 2 2 1 242 411 879 903
1931 2 2 1 242 884 215 907
1932 2 2 1 242 405 884 907
1933 2 2 1 242 383 899 905
1934 2 2 1 242 901 383 905
1935 2 2 1 242 879 365 903
1936 2 2 1 242 899 366 905
1937 2 2 1 242 145 901 905
1938 2 2 1 242 1 2 406
$EndElements
